0.0 0.0 0.0 0.0 0.0 0.0 0.0 1.0
0.03333333507180214 -2.5450151497352635e-06 1.8326929421164095e-05 1.0826817742781714e-05 -6.298005246208049e-06 -3.376423592271749e-06 -2.7742253223550506e-05 1.0
0.06666667014360428 3.0532980872521875e-06 1.7596421457710676e-05 2.5585404728190042e-05 -6.893536919960752e-06 -2.157973995053908e-06 -2.6310119210393168e-05 1.0
0.10000000149011612 -8.762130505601817e-07 1.3345028492040001e-05 1.3877459423383698e-05 -4.451555923878914e-06 -1.5493885712203337e-06 -2.483774187567178e-05 1.0
0.13333334028720856 -4.032742708659498e-06 9.421344657312147e-06 2.7820831746794283e-05 -6.629834388149902e-06 4.143569185544038e-06 -1.820758006942924e-05 1.0
0.1666666716337204 -7.462826800974653e-08 2.291216151206754e-05 7.326000286411727e-06 -4.9423283599026036e-06 -7.1608551479585e-06 -3.2737094443291426e-05 1.0
0.20000000298023224 -3.1133029551710933e-05 4.0846847696229815e-05 -2.0138677427894436e-05 -1.1204770089534577e-06 7.506313977501122e-06 -4.3952459236606956e-05 1.0
0.23333333432674408 -9.798002793104388e-06 2.249014505650848e-05 1.0192930858465843e-05 -3.2624363939248724e-06 -1.3381046528593288e-06 -3.238856515963562e-05 1.0
0.2666666805744171 -1.877694194263313e-05 4.793014522874728e-05 -5.6482817853975575e-06 6.72672149448772e-06 4.173153683950659e-06 -3.863582605845295e-05 1.0
0.30000001192092896 -2.564019087003544e-05 4.6688506699865684e-05 -1.1334369446558412e-05 4.1785342546063475e-06 9.03615182323847e-06 -3.399583511054516e-05 1.0
0.3333333432674408 -2.589866198832169e-06 1.0419552381790709e-05 1.3182836482883431e-05 -8.718083336134441e-06 -2.935094016720541e-06 -2.6016106858151034e-05 1.0
0.36666667461395264 -3.117073674729909e-06 1.457773305446608e-05 8.817562957119662e-06 -1.021120715449797e-05 -2.38727920987003e-06 -2.945578671642579e-05 1.0
0.4000000059604645 -3.878115603583865e-05 8.913474448490888e-05 -3.77678225049749e-05 2.325782952539157e-05 1.05521557998145e-05 -6.295511411735788e-05 1.0
0.4333333373069763 -2.064117325062398e-05 2.521053102100268e-05 -1.244684881385183e-05 -3.936898792744614e-06 3.7779875583510147e-06 -3.5758283047471195e-05 1.0
0.46666666865348816 -8.429861736658495e-06 6.232313808141043e-06 2.2211768737179227e-05 -1.0472533176653087e-05 8.378628990612924e-07 -2.4789680537651293e-05 1.0
0.5 -4.4857963075628504e-05 7.759327854728326e-05 -2.6154120860155672e-05 1.86497563845478e-05 1.5579764294670895e-05 -5.9275309467921034e-05 1.0
0.5333333611488342 -2.555422906880267e-05 3.6051082133781165e-05 -1.770440758264158e-05 8.043797379286843e-07 5.923192020418355e-06 -3.4233486076118425e-05 1.0
0.5666666626930237 -3.6808502045460045e-05 6.34288226137869e-05 -2.5646471840445884e-05 1.7225576812052168e-05 1.3662118362844922e-05 -4.245391392032616e-05 1.0
0.6000000238418579 1.4465141475739074e-06 1.5481517039006576e-05 2.865921487682499e-05 -4.128452928853221e-06 -5.193211563891964e-06 -2.9353610443649814e-05 1.0
0.6333333253860474 -2.5344686946482398e-05 4.3148156692041084e-05 -9.360003787151072e-06 4.554837687464897e-06 9.058840078068897e-06 -3.025855949090328e-05 1.0
0.6666666865348816 -1.4624139112129342e-05 2.447448241582606e-05 9.456400675844634e-07 -3.6803396596951643e-06 4.66944675281411e-06 -3.689503500936553e-05 1.0
0.699999988079071 8.757255272939801e-06 2.580782165750861e-05 1.837213130784221e-05 2.7622336347121745e-06 -9.34392028284492e-06 -3.105253563262522e-05 1.0
0.7333333492279053 -5.199399311095476e-05 5.694634819519706e-05 -4.5100950956111774e-05 2.1988887510815402e-06 1.3525622307497542e-05 -4.284198803361505e-05 1.0
0.7666666507720947 -1.1996062312391587e-05 3.119975735899061e-05 6.346880581986625e-06 3.5539806049200706e-06 5.246389719104627e-06 -3.046166784770321e-05 1.0
0.800000011920929 -3.998441752628423e-05 4.468071347218938e-05 -3.083925912505947e-05 -2.36462551583827e-06 1.433532997907605e-05 -3.747704977286048e-05 1.0
0.8333333134651184 3.589795142033836e-06 1.1560530765564181e-05 8.606683877587784e-06 -1.2633614460355602e-05 -1.0526830919843633e-05 -2.7318697902956046e-05 1.0
0.8666666746139526 -2.7595660867518745e-05 3.774344804696739e-05 -1.78254322236171e-05 9.012309192257817e-07 9.587458407622762e-06 -3.665161784738302e-05 1.0
0.8999999761581421 -3.0394330678973347e-05 4.382786210044287e-05 -1.3625527572003193e-05 8.492047527397517e-06 1.0307929187547415e-05 -3.634084350778721e-05 1.0
0.9333333373069763 -6.302836845861748e-05 5.392114690039307e-05 -4.495964094530791e-05 4.670665475714486e-06 2.716452581807971e-05 -3.7352092476794496e-05 1.0
0.9666666388511658 -3.074285632465035e-05 6.091648174333386e-05 -1.9243641872890294e-05 1.710301876300946e-05 1.2677718586928677e-05 -2.9407256079139188e-05 1.0
1.0 2.7944438443228137e-06 2.0428346033440903e-05 1.7145866877399385e-05 -1.9168442122463603e-06 -2.2279214135778602e-06 -2.4592995032435283e-05 1.0
1.0333333015441895 -3.2255935366265476e-05 4.502350930124521e-05 -2.9858460038667545e-05 4.3845238906214945e-06 1.0374585144745652e-05 -4.220296978019178e-05 1.0
1.0666667222976685 -8.07722426543478e-06 2.3189526473288424e-05 1.5900603102636524e-05 -1.2557792672396317e-07 3.36017774316133e-06 -3.016180380654987e-05 1.0
1.100000023841858 -2.2283279577095527e-06 2.116303949151188e-05 5.360423074307619e-07 -6.674763426417485e-06 -5.116807642480126e-06 -3.649641075753607e-05 1.0
1.1333333253860474 -8.624466317996848e-06 3.38196950906422e-05 1.8663598666535108e-07 2.030335963354446e-06 -1.2803538993466645e-06 -3.019881660293322e-05 1.0
1.1666666269302368 -3.336904774187133e-05 4.8629804950905964e-05 -2.028881681326311e-05 6.573123755515553e-06 9.720298294269014e-06 -5.161494482308626e-05 1.0
1.2000000476837158 -1.1805225767602678e-05 3.3898129913723096e-05 6.905104328325251e-07 -8.209990483010188e-07 2.280060698467423e-06 -3.3846892620204017e-05 1.0
1.2333333492279053 -7.595079750899458e-06 2.0310410036472604e-05 1.4300811926659662e-05 -5.291838988341624e-06 2.0824231796723325e-06 -2.9650307624251582e-05 1.0
1.2666666507720947 -4.146110586589202e-05 4.998958684154786e-05 -2.2972040824242868e-05 -7.113271180969605e-07 1.609900573384948e-05 -4.8069749027490616e-05 1.0
1.2999999523162842 -6.207621481735259e-05 6.885454058647156e-05 -2.287191091454588e-05 2.313726145075634e-05 2.084654443024192e-05 -4.1386272641830146e-05 1.0
1.3333333730697632 -4.241189526510425e-05 7.517611811636016e-05 -4.416509182192385e-05 1.5642503058188595e-05 1.0332551937608514e-05 -5.304877777234651e-05 1.0
1.3666666746139526 -1.2705964763881639e-05 1.8940654626931064e-05 1.185046676255297e-05 -6.406554803106701e-06 3.9799147089070175e-06 -2.92414133582497e-05 1.0
1.399999976158142 -2.673776407391415e-06 1.7037022189470008e-05 5.196930942474864e-06 -9.206735740008298e-06 -3.5650477911985945e-06 -2.654270974744577e-05 1.0
1.4333332777023315 -1.7525791918160394e-05 4.380733662401326e-05 2.56501294870759e-07 6.946672328922432e-06 5.325046913640108e-06 -3.370233389432542e-05 1.0
1.4666666984558105 -2.1011603166698478e-05 4.2896961531369016e-05 -1.4357400687003974e-05 3.99303326048539e-06 1.6650624274916481e-06 -4.15974973293487e-05 1.0
1.5 -3.161906533932779e-06 2.7928172130486928e-05 6.1377959355013445e-06 -1.262801106349798e-06 -3.6670733152277535e-06 -3.98741067328956e-05 1.0
1.5333333015441895 -0.00010938090417766944 0.00011753169383155182 -8.975050150183961e-05 4.90071288368199e-05 2.4504915927536786e-05 -9.64235732681118e-05 1.0
1.5666667222976685 -3.651786391856149e-05 5.429097291198559e-05 -1.7405212929588743e-05 1.0770227163447998e-05 9.645859790907707e-06 -4.4654065277427435e-05 1.0
1.600000023841858 -5.612788663711399e-05 8.146592881530523e-05 -4.796315261046402e-05 2.1575393475359306e-05 2.3756565497023985e-05 -4.526977863861248e-05 1.0
1.6333333253860474 -2.230555946880486e-05 4.232251376379281e-05 -9.538232006889302e-06 5.510902155947406e-06 3.434793597989483e-06 -4.0097347664413974e-05 1.0
1.6666666269302368 -1.434072146366816e-05 3.404159360798076e-05 3.427971478231484e-06 3.1633933303965023e-06 4.1877265175571665e-06 -3.740876854863018e-05 1.0
1.7000000476837158 -3.2958090741885826e-05 4.707422340288758e-05 -1.983239417313598e-05 4.742882538266713e-06 1.0459129043738358e-05 -3.342179843457416e-05 1.0
1.7333333492279053 -9.633684385335073e-06 2.787099037959706e-05 1.1491972600197187e-06 2.6302002424927196e-06 1.9395774870645255e-06 -2.8791431759600528e-05 1.0
1.7666666507720947 -3.383506918908097e-05 5.155810504220426e-05 -2.9505190468626097e-05 5.598674306384055e-06 7.651419764442835e-06 -5.3027884860057384e-05 1.0
1.7999999523162842 -6.28781272098422e-05 5.89881201449316e-05 -3.9895614463603124e-05 1.0851819752133451e-05 2.1290241420501843e-05 -3.843326703645289e-05 1.0
1.8333333730697632 -7.473026198567823e-05 9.103772026719525e-05 -6.771356129320338e-05 2.630244671308901e-05 2.8591486625373363e-05 -5.8013334637507796e-05 1.0
1.8666666746139526 -4.1073937609326094e-05 5.2867730119032785e-05 -2.587113885965664e-05 1.314004202868091e-05 1.723701279843226e-05 -3.938018562621437e-05 1.0
1.899999976158142 -3.110911347903311e-05 3.6948589695384726e-05 -2.526028583815787e-05 9.683444091024285e-08 7.0530245466216e-06 -3.893053508363664e-05 1.0
1.9333332777023315 -1.4572896361642051e-05 2.833846338035073e-05 -8.91157742444193e-06 1.3215126273280475e-06 2.594503484942834e-06 -3.086305514443666e-05 1.0
1.9666666984558105 -4.394858842715621e-05 6.063354521756992e-05 -2.939267324109096e-05 1.2892433005617931e-05 1.4193475180945825e-05 -3.809638292295858e-05 1.0
2.0 -4.931058811052935e-06 2.0144716472714208e-05 1.0029323675553314e-05 -3.843044396489859e-06 -4.093287316209171e-06 -2.6312662157579325e-05 1.0
2.0333333015441895 -4.455290309124393e-06 -1.9498208985169185e-06 2.2135614926810376e-05 -1.5747480574646033e-05 -5.380520633480046e-06 -1.2234602763783187e-05 1.0
2.066666603088379 -4.580966560752131e-05 4.0011847886489704e-05 -3.3615917345741764e-05 6.580081844731467e-06 2.019521707552485e-05 -2.4195871446863748e-05 1.0
2.0999999046325684 -1.784764936019201e-05 3.899159491993487e-05 -5.063612206868129e-06 1.0205130820395425e-06 3.1211593523039483e-06 -4.482268923311494e-05 1.0
2.133333444595337 -2.8830116207245737e-05 4.650625487556681e-05 -1.3625097381009255e-05 1.2820651136280503e-05 1.0331102203053888e-05 -3.160846245009452e-05 1.0
2.1666667461395264 -1.2107799193472601e-05 1.7312904674327e-05 5.210154995438643e-06 -3.4125337151635904e-06 4.867260031460319e-06 -2.1852560166735202e-05 1.0
2.200000047683716 -3.425782415433787e-05 5.893267007195391e-05 -1.588385202921927e-05 1.7444508557673544e-05 1.467564197810134e-05 -2.9025144613115117e-05 1.0
2.2333333492279053 -8.140925638144836e-05 6.158311589388177e-05 -4.263340088073164e-05 3.0036479074624367e-05 3.123177884845063e-05 -6.764756835764274e-05 1.0
2.2666666507720947 -4.51982268714346e-05 5.849292574566789e-05 -3.146095332340337e-05 1.6122308807098307e-05 1.447410431865137e-05 -4.6872464736225083e-05 1.0
2.299999952316284 -1.3999614566273522e-05 4.6226600716181565e-06 8.012839884941059e-07 -1.4472889233729802e-05 1.560824784974102e-06 -2.4519822545698844e-05 1.0
2.3333332538604736 -1.2391736163408495e-05 1.15002640086459e-05 8.295111001643818e-06 -7.072572770994157e-06 6.0353436310833786e-06 -2.3839111236156896e-05 1.0
2.366666555404663 -2.90455009235302e-05 4.4792490371037275e-05 1.0188041414949112e-06 1.5389317923109047e-05 1.2169216461188626e-05 -2.6309511667932384e-05 1.0
2.4000000953674316 -5.160124783287756e-05 7.611504406668246e-05 -4.431968409335241e-05 1.2324107956374064e-05 1.6461097402498126e-05 -4.6535180445061997e-05 1.0
2.433333396911621 -5.313630390446633e-05 5.612726090475917e-05 -3.8148893509060144e-05 1.7984471924137324e-05 1.8787852241075598e-05 -4.85589298477862e-05 1.0
2.4666666984558105 -1.75690911419224e-05 3.913364344043657e-05 -1.6189816960832104e-05 3.315166395623237e-06 5.6086496442731e-06 -2.8759939596056938e-05 1.0
2.5 -9.9380429219309e-07 3.4651937312446535e-05 1.3441898772725835e-05 7.148655186028918e-06 -3.0655535283585778e-06 -3.4910761314677075e-05 1.0
2.5333333015441895 -7.192930752353277e-06 1.7415120964869857e-05 1.5983832781785168e-05 -4.49525578005705e-06 4.7091548367461655e-06 -2.7378082450013608e-05 1.0
2.566666603088379 -1.3365991435421165e-05 3.815838135778904e-05 4.279753284208709e-06 -3.8430141557910247e-07 2.64530035565258e-06 -3.7846999475732446e-05 1.0
2.5999999046325684 -2.76091554951563e-06 2.2372025341610424e-05 2.0956933440174907e-05 -2.1537060490572912e-07 -2.0859924916294403e-06 -2.954549745481927e-05 1.0
2.633333444595337 -4.384067506180145e-05 5.829239307786338e-05 -2.6953484848490916e-05 1.3618081538879778e-05 1.4700392057420686e-05 -4.872190038440749e-05 1.0
2.6666667461395264 -1.169252300314838e-05 3.7908743252046406e-05 -2.998072886839509e-06 3.353774673087173e-06 4.485620138439117e-06 -3.9047688915161416e-05 1.0
2.700000047683716 -2.374474388489034e-05 2.7645235604722984e-05 -3.910409759555478e-06 5.365708943827485e-07 9.891859917843249e-06 -3.131270932499319e-05 1.0
2.7333333492279053 -1.0770088920253329e-05 1.3975307410873938e-05 6.179740807965572e-07 -6.915361609571846e-06 1.3344861145014875e-06 -2.805448093567975e-05 1.0
2.7666666507720947 -2.588400457170792e-05 5.089092519483529e-05 -1.8531864043325186e-05 1.1542175343493e-05 7.063498287607217e-06 -4.607906885212287e-05 1.0
2.799999952316284 -2.0558383766910993e-05 3.1780218705534935e-05 -1.3205146387917921e-05 -3.935871063731611e-06 4.743246790894773e-06 -4.2920866690110415e-05 1.0
2.8333332538604736 -1.1647181963780895e-05 2.707798921619542e-05 8.487840204907116e-06 -1.945432586580864e-06 3.5786288208328187e-06 -3.2531661418033764e-05 1.0
2.866666555404663 -2.0612224034266546e-05 3.732380355359055e-05 -5.938125468674116e-06 4.622582309821155e-06 9.01901330507826e-06 -3.04595068882918e-05 1.0
2.9000000953674316 -1.5102867109817453e-05 2.2447005903813988e-05 -1.3320836842467543e-06 -5.9920544117630925e-06 3.176766767865047e-06 -3.8458067137980834e-05 1.0
2.933333396911621 -8.929478099162225e-06 8.117943252727855e-06 -1.938494278874714e-06 -1.3210452380008064e-05 1.5108383877304732e-06 -2.418284748273436e-05 1.0
2.9666666984558105 -4.617687955033034e-05 3.614946763264015e-05 -4.031234857393429e-05 -1.128401345340535e-05 4.6065906644798815e-07 -3.884630132233724e-05 1.0
3.0 -5.8351301959191915e-06 -4.939922291669063e-06 -2.7575331387197366e-06 -2.6992995117325336e-05 -6.410789865185507e-06 -2.1532634491450153e-05 1.0
3.0333333015441895 -5.670484881648008e-08 1.167597383755492e-05 1.3877911442250479e-05 -9.785882866708562e-06 -8.166209681803593e-07 -2.6867470296565443e-05 1.0
3.066666603088379 -1.4372733858181164e-05 3.4937089367304e-05 2.239353761979146e-06 2.3708599883320858e-07 2.6948830509354593e-06 -4.3996442400384694e-05 1.0
3.0999999046325684 -2.9028020435362123e-05 3.781665145652369e-05 -1.666653224674519e-05 2.351581088078092e-06 1.0075767022499349e-05 -3.8670419598929584e-05 1.0
3.133333444595337 -4.128369255340658e-05 6.809161277487874e-05 -3.0283601518021896e-05 1.9917728423024528e-05 1.1419746442697942e-05 -5.141676592756994e-05 1.0
3.1666667461395264 -8.09750872576842e-06 1.4337624634208623e-05 -4.660204808715207e-07 -1.1981251191173214e-05 8.048695576690079e-07 -3.41829945682548e-05 1.0
3.200000047683716 -3.081007525906898e-05 3.931096216547303e-05 -3.0100954973022453e-05 -6.091014626008473e-08 8.329609045176767e-06 -4.06388207920827e-05 1.0
3.2333333492279053 -5.08282428199891e-05 5.77550963498652e-05 -4.267384429113008e-05 9.571213922754396e-06 1.67418438650202e-05 -4.32300366810523e-05 1.0
3.2666666507720947 -1.2651281394937541e-05 2.886994661821518e-05 8.865637028065976e-06 1.2783415286321542e-06 3.8894704630365595e-06 -3.53544601239264e-05 1.0
3.299999952316284 -2.4945355107774958e-05 3.54442854586523e-05 -1.986412280530203e-05 4.2163123907812405e-06 6.844953077234095e-06 -3.4148011764045805e-05 1.0
3.3333332538604736 -1.1388507346055121e-06 1.092239108402282e-05 1.4926133189874236e-05 -8.282408998638857e-06 -8.448875519206922e-07 -1.9647071894723922e-05 1.0
3.366666555404663 -6.46581465844065e-05 8.630964293843135e-05 -6.068371294531971e-05 2.171881715185009e-05 2.3506207071477547e-05 -4.658652323996648e-05 1.0
3.4000000953674316 -1.6551261069253087e-05 3.477584687061608e-05 -1.0327167728974018e-05 1.102945475395245e-06 3.2929599456110736e-06 -3.7461133615579456e-05 1.0
3.433333396911621 -0.00010147395369131118 8.525309385731816e-05 -7.930696301627904e-05 2.9733320843661204e-05 2.5457118681515567e-05 -7.934821769595146e-05 1.0
3.4666666984558105 -1.1123762305942364e-05 2.378494718868751e-05 1.369932488159975e-05 1.0571764050837373e-06 3.0566129680664744e-06 -3.460103471297771e-05 1.0
3.5 -8.325088128913194e-05 9.027607302414253e-05 -5.2568215323844925e-05 3.5949920857092366e-05 2.3278193111764267e-05 -7.981963426573202e-05 1.0
3.5333333015441895 -2.537225191190373e-05 6.836785905761644e-05 -2.361480801482685e-05 1.7231115634785965e-05 2.8860108614026103e-06 -5.6205848522949964e-05 1.0
3.566666603088379 -3.531735637807287e-05 6.415783718694001e-05 -1.5034978787298314e-05 1.7075346477213316e-05 9.289077752328012e-06 -5.1196326239733025e-05 1.0
3.5999999046325684 -9.605829109204933e-05 9.2848546046298e-05 -8.361830987269059e-05 2.68806834355928e-05 2.6037221687147394e-05 -9.296356438426301e-05 1.0
3.633333444595337 -1.545497616461944e-05 1.8347878722124733e-05 7.886625894570898e-07 -2.869756144718849e-06 6.101747658249224e-06 -2.448908708174713e-05 1.0
3.6666667461395264 -2.3473107830795925e-06 3.0839102691970766e-05 1.6051200873334892e-05 1.4486298596239067e-06 1.917890983804682e-07 -4.357315629022196e-05 1.0
3.700000047683716 -6.606119131902233e-05 9.819064871408045e-05 -8.181423618225381e-05 1.6657058949931525e-05 1.8254406313644722e-05 -6.935928104212508e-05 1.0
3.7333333492279053 -4.996212010155432e-05 8.544576849089935e-05 -6.038453648216091e-05 9.015358045871835e-06 1.2748902008752339e-05 -6.463913450716063e-05 1.0
3.7666666507720947 2.268538310090662e-06 2.5998491764767095e-05 2.3426002371707e-05 4.749398101466795e-07 -4.27363374910783e-06 -3.3903921575983986e-05 1.0
3.799999952316284 -3.467222268227488e-05 4.9626672989688814e-05 -1.6447584130219184e-05 1.8535152776166797e-05 1.5173076462815516e-05 -3.726098293554969e-05 1.0
3.8333332538604736 -6.786684025428258e-06 2.273866266477853e-05 7.884418664616533e-06 2.564319174780394e-07 -1.2666951079154387e-06 -2.9910426746937446e-05 1.0
3.866666555404663 -5.7377928897039965e-05 9.133620915235952e-05 -6.320076499832794e-05 1.5206614989438094e-05 1.8053100575343706e-05 -6.483642209786922e-05 1.0
3.9000000953674316 -2.0292245608288795e-05 2.6705853088060394e-05 -2.2522041035699658e-05 -1.056962355505675e-05 3.449943619671103e-07 -3.3613439882174134e-05 1.0
3.933333396911621 -4.724696555058472e-05 7.653707143617794e-05 -4.264609015081078e-05 1.2206161954964045e-05 1.3256297279440332e-05 -6.474898691521958e-05 1.0
3.9666666984558105 -3.927146099158563e-05 6.45847903797403e-05 -1.4818965610174928e-05 2.451840555295348e-05 1.5791849364177324e-05 -4.6075463615125045e-05 1.0
4.0 -2.4767319700913504e-05 2.7504789613885805e-05 -3.778907057494507e-06 8.779858035268262e-06 1.0315645340597257e-05 -3.396961619728245e-05 1.0
4.0333333015441895 -1.4439794540521689e-05 3.6867233575321734e-05 -9.84536882242537e-07 4.9493578444526065e-06 3.990460299974075e-06 -3.58276920451317e-05 1.0
4.066666603088379 -2.0608751583495177e-05 3.9823709812480956e-05 -1.1568103218451142e-05 2.4666103399795247e-06 6.057125574443489e-06 -4.163825360592455e-05 1.0
4.099999904632568 -2.9294735213625245e-05 4.241185888531618e-05 -1.576469549036119e-05 5.856783445779001e-06 1.1115897905256134e-05 -3.770797047764063e-05 1.0
4.133333206176758 -1.2509419320849702e-05 3.141980050713755e-05 -4.394355073600309e-06 1.1620855957517051e-06 5.097247139929095e-07 -3.370631020516157e-05 1.0
4.166666507720947 -1.1657491086225491e-05 1.814760616980493e-05 6.8420827119553e-06 -8.928263014240656e-06 4.503041964198928e-06 -3.110198304057121e-05 1.0
4.199999809265137 -2.2649132915830705e-06 2.373462302784901e-05 1.8927594283013605e-05 -1.2073055586370174e-06 -1.3586380873675807e-06 -3.3303302188869566e-05 1.0
4.233333110809326 -4.644137152354233e-05 6.715588096994907e-05 -3.895336340065114e-05 2.1559468223131262e-05 9.790314834390301e-06 -5.146039620740339e-05 1.0
4.266666889190674 4.963298124494031e-06 2.5076176825677976e-05 1.9501296264934354e-05 -3.368609213794116e-06 -5.3232224672683515e-06 -3.2759686291683465e-05 1.0
4.300000190734863 -2.552024307078682e-05 3.860741344396956e-05 -1.5225980860122945e-05 4.262924448994454e-06 6.540202775795478e-06 -3.487080903141759e-05 1.0
4.333333492279053 -3.531368565745652e-05 4.07429070037324e-05 -6.510018920380389e-06 2.0736786154884612e-07 1.041971245285822e-05 -3.8534159102709964e-05 1.0
4.366666793823242 -8.861991227604449e-05 7.879478653194383e-05 -4.721462755696848e-05 3.695501436595805e-05 3.332159394631162e-05 -5.191513628233224e-05 1.0
4.400000095367432 -9.438480446988251e-06 1.4977174032537732e-05 7.750037184450775e-06 -8.065145266300533e-06 1.3282631243782816e-06 -3.1815230613574386e-05 1.0
4.433333396911621 -2.5912938781402772e-06 1.9804734620265663e-05 1.7593343727639876e-05 -4.921731488138903e-06 -1.1193740192538826e-06 -2.4167064111679792e-05 1.0
4.4666666984558105 -4.7798377636354417e-05 5.032302578911185e-05 -2.823538306984119e-05 8.762219295022078e-06 1.7016882338793948e-05 -4.6301258407766e-05 1.0
4.5 -2.1296227714628913e-05 3.9653637941228226e-05 -1.0476502211531624e-05 6.388744964169746e-07 2.603482926133438e-06 -3.491135430522263e-05 1.0
4.5333333015441895 -4.524314499576576e-05 6.124121864559129e-05 -4.1024250094778836e-05 1.2027765478705987e-05 1.3282760846777819e-05 -4.15734903072007e-05 1.0
4.566666603088379 -2.5610183001845144e-05 4.252451617503539e-05 -2.7845500881085172e-05 -1.990232476600795e-06 1.7247622281502117e-06 -4.893418736173771e-05 1.0
4.599999904632568 1.359515977128467e-06 1.6869693354237825e-05 1.1805020221800078e-05 -6.67135464027524e-06 -3.6485230339167174e-06 -3.0306417102110572e-05 1.0
4.633333206176758 -2.6614345188136213e-05 3.4860149753512815e-05 -1.448491821065545e-05 2.5519866539980285e-06 6.925386969669489e-06 -4.2863477574428543e-05 1.0
4.666666507720947 -3.763515633181669e-05 5.140998837305233e-05 -2.197846151830163e-05 6.707503416691907e-06 1.4305050171969924e-05 -4.185099896858446e-05 1.0
4.699999809265137 -6.1965538407093845e-06 3.055891647818498e-05 6.702409336867277e-06 -3.6995334085077047e-06 -1.7065610791178187e-06 -3.9981976442504674e-05 1.0
4.733333110809326 -2.889905772462953e-05 5.378245623433031e-05 -1.8228967746836133e-05 1.029775921779219e-05 1.1384779099898878e-05 -3.488673610263504e-05 1.0
4.766666889190674 -9.758135092852172e-06 3.0945680919103324e-05 2.33325863518985e-06 6.65014749756665e-06 3.1843208034842974e-06 -2.8728896722896025e-05 1.0
4.800000190734863 -2.6420724680065177e-05 4.182594784651883e-05 -3.5621058486867696e-05 -8.598526619607583e-06 -6.093528554629302e-06 -5.812731251353398e-05 1.0
4.833333492279053 -2.313946606591344e-05 3.982002817792818e-05 -1.3734386811847799e-05 2.7107844289275818e-06 7.622640623594634e-06 -3.639956412371248e-05 1.0
4.866666793823242 -2.3470539289860426e-08 1.0410456525278278e-05 2.3241878807311878e-05 -7.105880740709836e-06 -5.135899527886068e-07 -2.6061326934723184e-05 1.0
4.900000095367432 -4.85805758216884e-05 4.929006900056265e-05 -1.6728041373426095e-05 4.940811322740046e-06 1.2535610949271359e-05 -5.222658728598617e-05 1.0
4.933333396911621 -3.995044971816242e-05 3.280499731772579e-05 -2.5078606995521113e-05 -4.441757027962012e-06 1.4616039152315352e-05 -4.588294177665375e-05 1.0
4.9666666984558105 -1.4387944247573614e-05 2.6273599360138178e-05 -2.544462063269748e-07 8.327651812578551e-07 1.6811829937068978e-06 -3.842642763629556e-05 1.0
5.0 -9.237648555426858e-06 2.9768680178676732e-05 3.845541868940927e-06 1.3903481885790825e-06 2.3104810509266827e-07 -3.359879337949678e-05 1.0
5.0333333015441895 -5.525888263946399e-05 8.216606511268765e-05 -5.2078838052693754e-05 1.9057237295783125e-05 1.2780464203387965e-05 -6.412735092453659e-05 1.0
5.066666603088379 -3.564314101822674e-05 4.791323226527311e-05 -2.6277271899743937e-05 1.2891743608633988e-05 9.652378139435314e-06 -4.076836194144562e-05 1.0
5.099999904632568 -3.4502318158047274e-05 2.8503751309472136e-05 -1.8543718397268094e-05 2.747183316387236e-06 1.7255337297683582e-05 -2.0503975974861532e-05 1.0
5.133333206176758 2.9155935408198275e-06 1.8563181583886035e-05 2.049855174846016e-05 -3.842787009489257e-06 -6.296663286775583e-06 -3.089629171881825e-05 1.0
5.166666507720947 -1.8872960936278105e-05 3.742379340110347e-05 -9.79702417680528e-06 9.701934686745517e-06 7.725864634267054e-06 -3.402627044124529e-05 1.0
5.199999809265137 -1.8625602024258114e-05 2.7241683710599318e-05 -2.3341151518252445e-06 -2.0585373476933455e-06 4.564243226923281e-06 -4.450549022294581e-05 1.0
5.233333110809326 -4.2546696931822225e-05 4.5349559513852e-05 -2.4442711946903728e-05 6.652051524724811e-06 1.4397483028005809e-05 -3.847054176731035e-05 1.0
5.266666889190674 -4.965845073456876e-05 6.233719614101574e-05 -3.147973620798439e-05 1.0727569133450743e-05 2.0507737644948065e-05 -5.538999175769277e-05 1.0
5.300000190734863 -2.278230749652721e-05 3.3320891816401854e-05 -8.554236956115346e-06 2.1442401703097858e-06 9.131976185017265e-06 -3.971836849814281e-05 1.0
5.333333492279053 -3.362139977980405e-05 3.690566882141866e-05 -4.4301337766228244e-05 -5.886375674890587e-06 4.707093921751948e-06 -4.409023676998913e-05 1.0
5.366666793823242 -1.0664544447536173e-07 1.718611383694224e-05 4.307479684939608e-06 -4.986340172763448e-06 -4.503022864810191e-06 -2.419786324026063e-05 1.0
5.400000095367432 -2.571338518464472e-05 4.413254646351561e-05 -7.3316573434567545e-06 4.242103841534117e-06 5.88732609685394e-06 -3.9723614463582635e-05 1.0
5.433333396911621 -4.5598608267027885e-05 5.331687134457752e-05 -2.7273676096228883e-05 1.2296863133087754e-05 1.6642226910335012e-05 -3.0249404517235234e-05 1.0
5.4666666984558105 -2.2610041924053803e-05 6.509755621664226e-05 -1.6382271496695466e-05 1.6776513803051785e-05 6.766204933228437e-06 -5.575237810262479e-05 1.0
5.5 -2.169252729800064e-05 3.9008926250971854e-05 -8.551489258934453e-07 6.247849171359121e-08 8.882899237505626e-06 -3.6557845305651426e-05 1.0
5.5333333015441895 -3.815049785771407e-05 4.0922539483290166e-05 -2.4800683604553342e-05 4.337978680268861e-06 1.6631543985567987e-05 -2.3885917471488938e-05 1.0
5.566666603088379 -2.8508646209957078e-05 4.8555000830674544e-05 -2.0517603843472898e-05 1.2374029211059678e-05 9.742720067151822e-06 -3.455653495620936e-05 1.0
5.599999904632568 -2.469147148076445e-05 5.738448089687154e-05 -1.9862662156810984e-05 1.7135904272436164e-05 8.10492110758787e-06 -3.7661455280613154e-05 1.0
5.633333206176758 -5.5264870752580464e-05 8.240977331297472e-05 -3.280583769083023e-05 1.534387411084026e-05 1.7104597645811737e-05 -7.31934342184104e-05 1.0
5.666666507720947 -2.0026609490741976e-05 2.491787563485559e-05 2.7931375825573923e-06 -1.224206334882183e-05 6.426961590477731e-06 -3.953983832616359e-05 1.0
5.699999809265137 -4.873530997429043e-05 3.715746061061509e-05 -3.128639218630269e-05 1.0200391443504486e-05 1.9996385162812658e-05 -3.373047729837708e-05 1.0
5.733333110809326 -3.164671215927228e-05 5.59345462534111e-05 -2.262893394799903e-05 2.1909410861553624e-05 8.31771922094049e-06 -4.292946687201038e-05 1.0
5.766666889190674 -3.803204162977636e-05 5.2198160119587556e-05 -3.030840707651805e-05 2.191841758758528e-06 1.4477727745543234e-05 -5.341697396943346e-05 1.0
5.800000190734863 -4.08142659580335e-05 7.234260556288064e-05 -2.516809217922855e-05 1.2532475011539645e-05 1.715813959890511e-05 -4.6229786676121876e-05 1.0
5.833333492279053 -3.5948689856013516e-06 2.1137539079063572e-05 2.053440994131961e-06 -3.892221229762072e-06 -2.769498621546518e-07 -3.5200431739212945e-05 1.0
5.866666793823242 2.7615856197371613e-06 4.32353735959623e-05 1.665821037022397e-05 1.379224795527989e-05 -4.803651791007724e-06 -4.367823203210719e-05 1.0
5.900000095367432 -8.16570536699146e-06 1.6070020137703978e-05 2.100876190525014e-05 1.6000141158656334e-06 9.816727470024489e-06 -2.3751703338348307e-05 1.0
5.933333396911621 -4.705004903371446e-05 4.995772542315535e-05 -2.1593492419924587e-05 1.5185532902250998e-05 2.0689347365987487e-05 -4.212656494928524e-05 1.0
5.9666666984558105 -2.837956890289206e-05 3.713494152179919e-05 -1.1288372661510948e-05 -9.352370398119092e-07 1.330122358922381e-05 -3.7380064895842224e-05 1.0
6.0 2.97530186799122e-06 2.3795948436600156e-05 2.0978724933229387e-05 2.3169416181190172e-06 -3.4465829230612144e-06 -2.4903387384256348e-05 1.0
6.0333333015441895 -2.7049691198044457e-05 5.4530817578779534e-05 -3.055045090150088e-05 1.1727664968930185e-05 4.568829808704322e-06 -4.9549489631317556e-05 1.0
6.066666603088379 -3.016219852725044e-05 5.877890362171456e-05 -2.1797641238663346e-05 1.6705987945897505e-05 1.1962379176111426e-05 -3.450814983807504e-05 1.0
6.099999904632568 -2.8854163247160614e-05 5.772279837401584e-05 -1.2528789739008062e-05 1.2509992302511819e-05 1.0039368135039695e-05 -4.483614247874357e-05 1.0
6.133333206176758 -1.6411771866842173e-05 1.883940421976149e-05 -4.970422196493018e-06 -5.969018729956588e-06 3.8098241930129007e-06 -2.949329609691631e-05 1.0
6.166666507720947 -3.161147469654679e-05 4.4496264308691025e-05 -1.7264348571188748e-05 4.487767000682652e-06 1.1570868991839234e-05 -4.296879706089385e-05 1.0
6.199999809265137 -9.95649770629825e-06 3.415110404603183e-05 4.11417067880393e-06 1.9101794350717682e-06 -3.1750978450872935e-06 -4.344416447565891e-05 1.0
6.233333110809326 -2.2180085579748265e-05 3.568582178559154e-05 -1.0588447366899345e-05 -6.392700925061945e-06 3.9203555388667155e-06 -3.52742281393148e-05 1.0
6.266666889190674 -0.00012466870248317719 0.00011035323404939845 -0.00012160972255514935 3.4643504477571696e-05 4.3630327127175406e-05 -8.476753282593563e-05 1.0
6.300000190734863 -3.9749418647261336e-05 5.3125564591027796e-05 -3.116284642601386e-05 9.104647688218392e-06 1.4178102901496459e-05 -3.83243641408626e-05 1.0
6.333333492279053 -2.2197731595952064e-05 4.888739204034209e-05 -8.52058110467624e-06 1.0107739399245474e-05 8.87260557647096e-06 -3.538175587891601e-05 1.0
6.366666793823242 -3.8119951568660326e-06 9.497613973508123e-06 8.929419891501311e-06 -1.0293025297869463e-05 -1.34399056150869e-06 -2.2015585273038596e-05 1.0
6.400000095367432 -1.7055268472176977e-05 3.3382733818143606e-05 -4.3099807953694835e-06 4.290749075153144e-06 6.4932200984912924e-06 -3.107597876805812e-05 1.0
6.433333396911621 -3.488665970508009e-05 4.753920075017959e-05 -2.2781541701988317e-05 1.8511662347009405e-05 1.054612312145764e-05 -4.0138238546205685e-05 1.0
6.4666666984558105 4.059376806253567e-06 1.677664477028884e-05 1.2984934073756449e-05 -9.113470696320292e-06 -1.1338936019456014e-05 -3.130108234472573e-05 1.0
6.5 -1.996427727135597e-06 1.2456263903004583e-05 1.0328270036552567e-05 -1.4667864888906479e-05 -4.221225026412867e-06 -3.0553095712093636e-05 1.0
6.5333333015441895 2.9773318601655774e-06 1.2223229532537516e-05 2.337908517802134e-05 -4.562172307487344e-06 -3.935484528483357e-06 -2.256982770632021e-05 1.0
6.566666603088379 4.054833425470861e-06 1.6051495549618267e-05 1.4120098057901487e-05 -3.4671481898840284e-06 -3.585050535548362e-06 -2.4479450075887144e-05 1.0
6.599999904632568 -1.2830187188228592e-05 1.8961185560328886e-05 -8.590191100665834e-06 -4.685617568611633e-06 1.0568410289124586e-06 -2.4399694666499272e-05 1.0
6.633333206176758 -1.8417986211716197e-05 2.9909153454354964e-05 -5.101509259475279e-07 -7.774543746563722e-07 5.330552994564641e-06 -3.840697536361404e-05 1.0
6.666666507720947 -6.999597098911181e-05 7.557404751423746e-05 -6.132681301096454e-05 1.3563533684646245e-05 3.205877510481514e-05 -3.4548786061350256e-05 1.0
6.699999809265137 3.8149237298057415e-06 2.5901248591253534e-05 2.9086579161230475e-05 4.920388619211735e-06 -3.400779860385228e-06 -2.2743088265997358e-05 1.0
6.733333110809326 -1.5982508557499386e-05 1.1051072760892566e-05 -1.1827586604340468e-05 -9.93454614217626e-06 3.081145450778422e-06 -1.8084227122017182e-05 1.0
6.766666889190674 -1.3149520782462787e-05 3.24007123708725e-05 -3.0143974072416313e-06 3.2456734970764956e-06 5.017526746087242e-06 -3.052946340176277e-05 1.0
6.800000190734863 -2.6828405680134892e-05 5.054818029748276e-05 -3.348927202750929e-05 1.0335816114093177e-06 -1.1310103218420409e-06 -4.814617204829119e-05 1.0
6.833333492279053 -1.0633396414050367e-05 1.1705394172167871e-05 -3.182210775776184e-06 -8.977374818641692e-06 7.684011507080868e-07 -2.034788667515386e-05 1.0
6.866666793823242 -4.710409484687261e-05 5.389278521761298e-05 -2.4258204575744458e-05 1.513065944891423e-05 1.3168817531550303e-05 -5.839396908413619e-05 1.0
6.900000095367432 -0.00010614931670716032 0.00010278331319568679 -0.00011068715684814379 1.2669237548834644e-05 3.181285137543455e-05 -9.476356353843585e-05 1.0
6.933333396911621 -4.468128099688329e-05 5.483646964421496e-05 -4.281129804439843e-05 5.137108473718399e-06 1.50923233377398e-05 -4.804589843843132e-05 1.0
6.9666666984558105 -4.0001696106628515e-06 2.5566610929672606e-05 7.489509698643815e-06 7.554604053439107e-06 -6.657398330389697e-07 -2.798381137836259e-05 1.0
7.0 -3.044194272661116e-05 3.9867267332738265e-05 -8.257007721113041e-06 1.1295918739051558e-05 1.3576449418906122e-05 -2.8293676223256625e-05 1.0
7.0333333015441895 -6.933925078556058e-07 3.476082201814279e-05 -1.8963175534736365e-05 -7.95563721567305e-07 -1.3128252248861827e-05 -4.054322198498994e-05 1.0
7.066666603088379 -3.746746006072499e-05 4.7496421757387e-05 -3.4361302823526785e-05 3.7707297906308668e-06 1.315935605816776e-05 -4.0668743167771026e-05 1.0
7.099999904632568 -1.6334737665602006e-05 5.294214861351065e-05 -1.5131539839785546e-05 1.2228764717292506e-05 4.211864052194869e-06 -4.230456761433743e-05 1.0
7.133333206176758 -5.154723839950748e-05 6.742223195033148e-05 -2.6049932785099372e-05 2.768491867755074e-05 1.84299406100763e-05 -5.072736166766845e-05 1.0
7.166666507720947 -4.132706453674473e-05 4.721461300505325e-05 -1.6744035747251473e-05 1.8102202375303023e-05 1.9388859072932974e-05 -4.2099101847270504e-05 1.0
7.199999809265137 -4.771837666339707e-06 1.4930007637303788e-05 1.3658462194143794e-05 -1.3007966117584147e-06 2.0802015114895767e-06 -1.9164212062605657e-05 1.0
7.233333110809326 -1.9617642465163954e-05 3.8116446376079693e-05 -4.7766766329004895e-06 5.629350198432803e-06 6.316111466730945e-06 -3.5331500839674845e-05 1.0
7.266666889190674 -4.5713318286288995e-06 2.4057371774688363e-05 9.507144568488002e-06 1.2394296788897918e-07 1.0377251555837574e-06 -3.1500767363468185e-05 1.0
7.300000190734863 -5.293957201502053e-06 1.2654910278797615e-05 1.3535841389966663e-05 -2.148388830391923e-06 2.1945670596323907e-06 -1.7217573258676566e-05 1.0
7.333333492279053 -3.045498306164518e-05 5.163294918020256e-05 -2.1222553186817095e-05 1.4087069757806603e-05 1.1440400157880504e-05 -3.7851517845410854e-05 1.0
7.366666793823242 -2.3319527826970443e-05 3.0927130865165964e-05 3.609642817536951e-06 -1.2647322364500724e-05 5.829464498674497e-06 -3.644554453785531e-05 1.0
7.400000095367432 2.2610605299178133e-07 1.6201609469135292e-05 1.6887699530343525e-05 -4.663128038373543e-06 1.5315827113226987e-06 -2.2283433281700127e-05 1.0
7.433333396911621 4.32721026299987e-06 -9.71365011537273e-07 7.84829262556741e-06 -2.1940159058431163e-05 -7.926078978925943e-06 -1.365307343803579e-05 1.0
7.4666666984558105 -2.4865084924385883e-05 4.535719199338928e-05 -8.275625987153035e-06 1.4885560631228145e-05 1.4243412806536071e-05 -1.7919610399985686e-05 1.0
7.5 1.1094574801973067e-05 -9.14785596251022e-06 1.863845500338357e-05 -2.1753061446361244e-05 -5.758611223427579e-06 1.1858919606311247e-06 1.0
7.5333333015441895 -7.135750820452813e-06 1.2574028005474247e-05 9.624871381674893e-06 -4.439646545506548e-06 2.2280571556621e-06 -2.5031335098901764e-05 1.0
7.566666603088379 -8.933860954130068e-06 1.709685238893144e-05 9.417050023330376e-06 -5.624627647193847e-06 2.6901548153546173e-06 -3.184667002642527e-05 1.0
7.599999904632568 -2.4233184376498684e-05 3.392377038835548e-05 -2.0940928152413107e-05 -6.421380021492951e-06 1.2099844752810895e-06 -3.494075281196274e-05 1.0
7.633333206176758 -3.4294569672965736e-07 1.9786550183198415e-05 1.1439089576015249e-05 -5.252109986031428e-06 -3.433052143009263e-06 -2.2633690605289303e-05 1.0
7.666666507720947 2.406020757916849e-05 -1.2694830729742534e-05 3.947813456761651e-05 -3.627283149398863e-05 -1.43224278872367e-05 -9.037371455633547e-06 1.0
7.699999809265137 1.9749963030335493e-05 -3.2977204682538286e-05 4.9637343181530014e-05 -4.7899600758682936e-05 -5.5461223382735625e-06 1.0775364899018314e-05 1.0
7.733333110809326 2.325607965758536e-05 -3.568295869627036e-05 2.3708704247837886e-05 -4.441340934135951e-05 -1.3751953702012543e-05 2.2342017473420128e-05 1.0
7.766666889190674 2.0833818780374713e-05 -6.280334218899952e-06 2.9006620025029406e-05 -2.0218658391968347e-05 -1.0937204024230596e-05 4.674691354011884e-06 1.0
7.800000190734863 4.035819074488245e-05 -4.890803757007234e-05 4.154531779931858e-05 -7.473411824321374e-05 -1.863376201072242e-05 4.495542452787049e-05 1.0
7.833333492279053 5.8155083024757914e-06 4.0380477912549395e-06 2.377563578193076e-05 -3.874791946145706e-05 -5.277004220261006e-06 4.130386344058934e-07 1.0
7.866666793823242 7.756900231470354e-06 -6.507297712232685e-06 1.8073069441015832e-05 -2.2162479581311345e-05 -7.715537321928423e-06 -5.481653261085739e-06 1.0
7.900000095367432 -4.6012596612854395e-06 3.464163455646485e-05 -5.584956852544565e-06 2.1889476556680165e-05 -1.3851361018168973e-06 -2.0810053683817387e-05 1.0
7.933333396911621 -7.08553761796793e-06 2.7179255994269624e-05 1.6381885359351145e-07 5.82200709686731e-06 2.315510698736034e-07 -2.34047638514312e-05 1.0
7.9666666984558105 -1.4968514733482152e-05 1.8989045202033594e-05 -5.883800326955679e-07 -7.476855898858048e-06 4.503308446146548e-06 -3.262587415520102e-05 1.0
8.0 2.005941723837168e-06 3.0434226573561318e-05 3.7579802665277384e-06 6.225103334145388e-06 -1.3121510164637584e-05 -4.1605420847190544e-05 1.0
8.033333778381348 -3.1903986382531e-05 7.27601072867401e-05 -5.373622479964979e-05 6.112560367910191e-05 1.859690087258059e-06 -4.997889482183382e-05 1.0
8.066666603088379 -3.32450945279561e-05 6.609406409552321e-05 -4.080224971403368e-05 2.0647154087782837e-05 8.740645171201322e-06 -2.8888320230180398e-05 1.0
8.100000381469727 1.8892607840825804e-05 1.2312956641835626e-05 5.85622874496039e-05 -1.771241659298539e-05 -2.4771392418188043e-05 -1.0033720172941685e-05 1.0
8.133333206176758 -9.550502909405623e-06 5.3662814025301486e-05 2.2873675334267318e-05 4.552712562144734e-05 -1.8837656170944683e-05 -7.212688069557771e-05 1.0
8.166666984558105 1.8527258362155408e-05 -2.352044975850731e-05 -0.0004133655456826091 0.0015621958300471306 -0.0001452014985261485 -0.0004471211286727339 0.9999987483024597
8.199999809265137 -5.4520722187589854e-05 7.703961455263197e-05 -8.881658141035587e-05 0.00011527368042152375 1.69249815371586e-05 -5.30833458469715e-05 1.0
8.233333587646484 0.00014469490270130336 -0.00018731842283159494 0.00010315706458641216 -0.00016857100126799196 -7.806769281160086e-05 0.00015703482495155185 1.0
8.266666412353516 0.0004049305571243167 -0.0008113421499729156 0.00034790480276569724 -0.0007399152382276952 -0.00017894775373861194 0.0006029132637195289 0.9999995827674866
8.300000190734863 -0.0007067150436341763 -0.0019173799082636833 0.00087502266978845 -0.00357034127227962 0.0008690935792401433 0.0005643581389449537 0.999993085861206
8.333333015441895 -0.0037165603134781122 -0.0029641841538250446 0.0003723712870851159 -0.01336577907204628 -1.573542431287933e-05 -0.000682023586705327 0.9999104738235474
8.366666793823242 -0.006482061930000782 -0.004206533078104258 -0.0007516730693168938 -0.02716655656695366 -0.00045144418254494667 -0.0013548461720347404 0.9996299743652344
8.399999618530273 -0.011067204177379608 -0.007020148448646069 -0.0037440876476466656 -0.041842807084321976 0.00016101861547213048 -0.001562288380227983 0.9991230368614197
8.433333396911621 -0.013152159750461578 -0.009419078938663006 -0.009992917999625206 -0.04969311133027077 -0.0026873445603996515 -0.0027881150599569082 0.9987570643424988
8.466666221618652 -0.019109057262539864 -0.013519051484763622 -0.020579906180500984 -0.05084696412086487 -0.004355570767074823 -0.0075166733004152775 0.9986686706542969
8.5 -0.023450959473848343 -0.017706021666526794 -0.031415168195962906 -0.04847162961959839 -0.008010908029973507 -0.010714582167565823 0.9987349510192871
8.533333778381348 -0.029428798705339432 -0.023925606161355972 -0.04562998563051224 -0.04522068798542023 -0.013480332680046558 -0.010162727907299995 0.9988344311714172
8.566666603088379 -0.03455071896314621 -0.030115798115730286 -0.05666707083582878 -0.043812669813632965 -0.015575086697936058 -0.009667566046118736 0.9988715648651123
8.600000381469727 -0.0403679721057415 -0.037826720625162125 -0.06690894812345505 -0.04654445871710777 -0.01616346649825573 -0.009744131937623024 0.9987379312515259
8.633333206176758 -0.04417192563414574 -0.041212428361177444 -0.07306326180696487 -0.05155093967914581 -0.019085820764303207 -0.01252563577145338 0.9984094500541687
8.666666984558105 -0.04840822145342827 -0.04338786005973816 -0.07654237747192383 -0.05882852151989937 -0.024318085983395576 -0.01672576367855072 0.9978317618370056
8.699999809265137 -0.05697992816567421 -0.048647861927747726 -0.07810935378074646 -0.06948170810937881 -0.029343223199248314 -0.020044896751642227 0.9969501495361328
8.733333587646484 -0.06211266666650772 -0.04765109717845917 -0.07480944693088531 -0.08156976848840714 -0.038408659398555756 -0.022582754492759705 0.995671272277832
8.766666412353516 -0.07078681141138077 -0.049279771745204926 -0.06907571107149124 -0.09838906675577164 -0.04155528172850609 -0.025509309023618698 0.9939528107643127
8.800000190734863 -0.07978296279907227 -0.04802998527884483 -0.06342146545648575 -0.11376386880874634 -0.04267461225390434 -0.028745261952280998 0.9921745657920837
8.833333015441895 -0.0912420004606247 -0.048892006278038025 -0.05433642491698265 -0.13202890753746033 -0.04590282589197159 -0.03072226606309414 0.9897057414054871
8.866666793823242 -0.10190252959728241 -0.048744723200798035 -0.04639502987265587 -0.1474316269159317 -0.04818132519721985 -0.033793430775403976 0.9873198866844177
8.899999618530273 -0.10918279737234116 -0.04659644141793251 -0.03585876151919365 -0.15810783207416534 -0.05026650428771973 -0.035651784390211105 0.9854969382286072
8.933333396911621 -0.10110221058130264 -0.05994502082467079 -0.026250584051012993 -0.17529962956905365 -0.06041662022471428 -0.02349860407412052 0.9823786020278931
8.966666221618652 -0.11212317645549774 -0.05895008519291878 -0.01797308586537838 -0.17921383678913116 -0.06755725294351578 -0.023580612614750862 0.9812045693397522
9.0 -0.12255284190177917 -0.05684836208820343 -0.012213975191116333 -0.1802832931280136 -0.07402859628200531 -0.02445906586945057 0.9805200099945068
9.033333778381348 -0.13529901206493378 -0.05459291487932205 -0.005726993083953857 -0.18547731637954712 -0.07621597498655319 -0.028258509933948517 0.9792807698249817
9.066666603088379 -0.14622090756893158 -0.05072014406323433 0.0005988983903080225 -0.19465328752994537 -0.07624281942844391 -0.031122900545597076 0.9774091243743896
9.100000381469727 -0.15803641080856323 -0.04767521470785141 0.005161882843822241 -0.2002914994955063 -0.07444137334823608 -0.033607423305511475 0.9763259291648865
9.133333206176758 -0.1684664785861969 -0.044672951102256775 0.008848956786096096 -0.2024323046207428 -0.07458239793777466 -0.03533036261796951 0.9758127331733704
9.166666984558105 -0.17946209013462067 -0.04363944008946419 0.010916464030742645 -0.20221778750419617 -0.07715944200754166 -0.03664140775799751 0.9756084680557251
9.199999809265137 -0.18808935582637787 -0.04461565986275673 0.011984318494796753 -0.20005184412002563 -0.0790557861328125 -0.03727436810731888 0.9758791923522949
9.233333587646484 -0.19586701691150665 -0.04642635956406593 0.011629012413322926 -0.19643110036849976 -0.07918045669794083 -0.03732460364699364 0.97660231590271
9.266666412353516 -0.20355869829654694 -0.04964260011911392 0.009384297765791416 -0.19268712401390076 -0.07970833033323288 -0.03748301416635513 0.9772989749908447
9.300000190734863 -0.2105105221271515 -0.05190324783325195 0.008229508996009827 -0.19021810591220856 -0.07985420525074005 -0.038466926664114 0.9777324199676514
9.333333015441895 -0.21808725595474243 -0.05402865260839462 0.0066091138869524 -0.18919573724269867 -0.07767084985971451 -0.04133320227265358 0.977989673614502
9.366666793823242 -0.2242022156715393 -0.056108683347702026 0.00431492505595088 -0.18975386023521423 -0.07470840960741043 -0.042927611619234085 0.9780436754226685
9.399999618530273 -0.22880572080612183 -0.05590074509382248 0.002405826235190034 -0.19023756682872772 -0.07172251492738724 -0.04439181834459305 0.9781078696250916
9.433333396911621 -0.23277904093265533 -0.05730695277452469 0.0007164825219660997 -0.19271151721477509 -0.06981609761714935 -0.0437605120241642 0.9777899384498596
9.466666221618652 -0.23658598959445953 -0.05767514929175377 -0.0044357976876199245 -0.18796862661838531 -0.0690838098526001 -0.040441516786813736 0.9789074659347534
9.5 -0.23868481814861298 -0.060084763914346695 -0.011187374591827393 -0.18423283100128174 -0.06692975014448166 -0.03775396943092346 0.9798741936683655
9.533333778381348 -0.2407720386981964 -0.06319340318441391 -0.01837296597659588 -0.18348856270313263 -0.06330868601799011 -0.036346908658742905 0.9803075790405273
9.566666603088379 -0.2432980239391327 -0.06576602905988693 -0.02474348619580269 -0.18308649957180023 -0.06052301451563835 -0.03510420024394989 0.9806038737297058
9.600000381469727 -0.2446361482143402 -0.06952564418315887 -0.03072764165699482 -0.1818867027759552 -0.05859970673918724 -0.03334154188632965 0.9810054898262024
9.633333206176758 -0.24516548216342926 -0.07469970732927322 -0.03713642433285713 -0.1799595206975937 -0.05652865767478943 -0.03201873227953911 0.9815263152122498
9.666666984558105 -0.24631421267986298 -0.08225274831056595 -0.04444161430001259 -0.17636550962924957 -0.05415382608771324 -0.03064684383571148 0.982356071472168
9.699999809265137 -0.24433273077011108 -0.09184155613183975 -0.05194734036922455 -0.16970011591911316 -0.05413100868463516 -0.027621200308203697 0.983620285987854
9.733333587646484 -0.243190199136734 -0.10224830359220505 -0.06008681654930115 -0.16098561882972717 -0.05262967199087143 -0.024705633521080017 0.9852427840232849
9.766666412353516 -0.2372266799211502 -0.11933433264493942 -0.0661962628364563 -0.15649834275245667 -0.05181585252285004 -0.02121824398636818 0.9860899448394775
9.800000190734863 -0.23125283420085907 -0.12878358364105225 -0.07330558449029922 -0.14914831519126892 -0.049099359661340714 -0.019251320511102676 0.9874075055122375
9.833333015441895 -0.22585080564022064 -0.14104513823986053 -0.07937761396169662 -0.14391948282718658 -0.04489967226982117 -0.016523495316505432 0.9884322285652161
9.866666793823242 -0.21750357747077942 -0.1574840545654297 -0.0847611352801323 -0.1368998885154724 -0.04451438784599304 -0.011690006591379642 0.9895151853561401
9.899999618530273 -0.20792214572429657 -0.1690659523010254 -0.09094390273094177 -0.125435933470726 -0.0432666577398777 -0.006082932930439711 0.9911392331123352
9.933333396911621 -0.19932204484939575 -0.18249163031578064 -0.09692281484603882 -0.11704498529434204 -0.03576594591140747 1.2317102118686307e-05 0.9924823641777039
9.966666221618652 -0.18612578511238098 -0.18910041451454163 -0.10101053863763809 -0.1102835014462471 -0.027390040457248688 0.006928289774805307 0.9934986233711243
10.0 -0.17492374777793884 -0.19668005406856537 -0.10063265264034271 -0.10856771469116211 -0.017606794834136963 0.014988187700510025 0.9938201308250427
10.033333778381348 -0.15482953190803528 -0.20944592356681824 -0.10020291060209274 -0.10905387997627258 -0.008480480872094631 0.022566309198737144 0.9937435388565063
10.066666603088379 -0.14381712675094604 -0.21716223657131195 -0.09806307405233383 -0.10824345052242279 0.0002017315273405984 0.026553843170404434 0.9937697052955627
10.100000381469727 -0.13324272632598877 -0.2273736447095871 -0.09500917792320251 -0.10806776583194733 0.005708133801817894 0.03048507310450077 0.9936596751213074
10.133333206176758 -0.1244565099477768 -0.23676569759845734 -0.08927126973867416 -0.10635153204202652 0.011648505926132202 0.03339945897459984 0.9936992526054382
10.166666984558105 -0.11557124555110931 -0.2436719685792923 -0.08224320411682129 -0.1038094237446785 0.014701788313686848 0.03581444174051285 0.9938434362411499
10.199999809265137 -0.10983136296272278 -0.24855807423591614 -0.07371260970830917 -0.10134094208478928 0.01598381996154785 0.03862068057060242 0.9939733743667603
10.233333587646484 -0.10256322473287582 -0.2539069652557373 -0.06267177313566208 -0.10079299658536911 0.018426913768053055 0.041286904364824295 0.9938796162605286
10.266666412353516 -0.09532603621482849 -0.2599136531352997 -0.04947933182120323 -0.10269245505332947 0.023998266085982323 0.04292067140340805 0.9934970140457153
10.300000190734863 -0.09022852778434753 -0.2636980414390564 -0.03670405223965645 -0.10384853184223175 0.027072163298726082 0.04390085116028786 0.9932549595832825
10.333333015441895 -0.08290889859199524 -0.267120361328125 -0.020617768168449402 -0.10646286606788635 0.02668704278767109 0.046848926693201065 0.9928537607192993
10.366666793823242 -0.07753387838602066 -0.2700214385986328 -0.004864796530455351 -0.1112600639462471 0.03244341164827347 0.04967912659049034 0.9920185208320618
10.399999618530273 -0.06866855174303055 -0.27498891949653625 0.01210197526961565 -0.11555080860853195 0.03907747194170952 0.049979258328676224 0.9912735223770142
10.433333396911621 -0.0625128298997879 -0.2781633734703064 0.02754637598991394 -0.11838986724615097 0.038490016013383865 0.050596244633197784 0.9909301400184631
10.466666221618652 -0.05743059143424034 -0.2807413637638092 0.04320641607046127 -0.1204267293214798 0.04082433506846428 0.052291255444288254 0.9905031323432922
10.5 -0.0506383515894413 -0.28215745091438293 0.05749041587114334 -0.11893278360366821 0.04474598169326782 0.05204425007104874 0.9905272126197815
10.533333778381348 -0.047414280474185944 -0.28403300046920776 0.07031498104333878 -0.11546168476343155 0.045978378504514694 0.052269890904426575 0.9908695220947266
10.566666603088379 -0.04073198512196541 -0.2868909239768982 0.08482015877962112 -0.11293191462755203 0.04335152730345726 0.05515163391828537 0.9911233186721802
10.600000381469727 -0.03586163744330406 -0.28890570998191833 0.09771637618541718 -0.11094392091035843 0.042991753667593 0.05785512179136276 0.9912093281745911
10.633333206176758 -0.029892483726143837 -0.2896150052547455 0.11166549474000931 -0.10869833827018738 0.04361705109477043 0.06015252694487572 0.9912940263748169
10.666666984558105 -0.025446346029639244 -0.2897151708602905 0.12504437565803528 -0.1084798127412796 0.04374464601278305 0.061946503818035126 0.9912018775939941
10.699999809265137 -0.019160393625497818 -0.2914060354232788 0.14020782709121704 -0.1115335002541542 0.0438203364610672 0.06242721527814865 0.9908294081687927
10.733333587646484 -0.01544556301087141 -0.2932814359664917 0.15399089455604553 -0.11603806912899017 0.045757658779621124 0.06308650970458984 0.9901825189590454
10.766666412353516 -0.01323721744120121 -0.2935657501220703 0.16838295757770538 -0.12002450227737427 0.04996580258011818 0.06150582805275917 0.9896032214164734
10.800000190734863 -0.009721730835735798 -0.29527321457862854 0.1794428825378418 -0.12578034400939941 0.05116884410381317 0.05658399313688278 0.9891205430030823
10.833333015441895 -0.0073648071847856045 -0.29489487409591675 0.19418177008628845 -0.13161049783229828 0.05108646675944328 0.05505989491939545 0.9884519577026367
10.866666793823242 -0.005291244946420193 -0.29551488161087036 0.20722167193889618 -0.1355733871459961 0.050795428454875946 0.054845355451107025 0.9879432320594788
10.899999618530273 -0.002707597566768527 -0.2954712510108948 0.2187899798154831 -0.1363493949174881 0.05016299709677696 0.05539770796895027 0.9878379106521606
10.933333396911621 -0.0006537279114127159 -0.29524606466293335 0.2295292764902115 -0.13660067319869995 0.046900056302547455 0.0577237494289875 0.9878302812576294
10.966666221618652 0.0012503035832196474 -0.29459449648857117 0.23945827782154083 -0.1379464566707611 0.04426194354891777 0.060106854885816574 0.9876227974891663
11.0 0.002725435420870781 -0.2934451997280121 0.24777674674987793 -0.13957065343856812 0.045452870428562164 0.06131548807024956 0.9872661828994751
11.033333778381348 0.0049742721021175385 -0.2923276722431183 0.2561074197292328 -0.1417819708585739 0.04603809490799904 0.06305345147848129 0.9868143796920776
11.066666603088379 0.006148274522274733 -0.29094311594963074 0.2630736827850342 -0.14258421957492828 0.04508041590452194 0.06563612073659897 0.9865745902061462
11.100000381469727 0.008229650557041168 -0.28874677419662476 0.27024391293525696 -0.14322999119758606 0.04243318364024162 0.06758873164653778 0.9864665865898132
11.133333206176758 0.007965571247041225 -0.28603416681289673 0.27538159489631653 -0.14524875581264496 0.04272192716598511 0.06831774115562439 0.9861087203025818
11.166666984558105 0.007615929935127497 -0.2831929922103882 0.2808955907821655 -0.14849013090133667 0.04429592564702034 0.06761515885591507 0.9856047630310059
11.199999809265137 0.008011741563677788 -0.2806127965450287 0.2862154543399811 -0.15101908147335052 0.04471999779343605 0.06759435683488846 0.9852027297019958
11.233333587646484 0.007744449190795422 -0.27797931432724 0.29106923937797546 -0.15295949578285217 0.04478367790579796 0.06743425130844116 0.9849113821983337
11.266666412353516 0.006802328862249851 -0.27619433403015137 0.2937562167644501 -0.1531471610069275 0.04370257258415222 0.06685137003660202 0.9849705100059509
11.300000190734863 0.004549158271402121 -0.27665266394615173 0.29278764128685 -0.15066471695899963 0.04436349868774414 0.06647483259439468 0.9853492379188538
11.333333015441895 0.002771215047687292 -0.27981412410736084 0.2897796928882599 -0.14643290638923645 0.043181732296943665 0.06635119765996933 0.9860478043556213
11.366666793823242 -0.0016305218450725079 -0.28429606556892395 0.2837047278881073 -0.14146094024181366 0.04479287937283516 0.06394582986831665 0.9868603348731995
11.399999618530273 -0.007614615838974714 -0.2890300154685974 0.27624380588531494 -0.13793915510177612 0.04707471281290054 0.060512758791446686 0.9874690175056458
11.433333396911621 -0.011981293559074402 -0.29381245374679565 0.2677959203720093 -0.1369219273328781 0.046144623309373856 0.05855080485343933 0.9877726435661316
11.466666221618652 -0.017047926783561707 -0.2977922260761261 0.26141664385795593 -0.1374731808900833 0.04237472638487816 0.05663275718688965 0.9879768490791321
11.5 -0.02294033020734787 -0.3010520339012146 0.2564673125743866 -0.13861139118671417 0.038645535707473755 0.05280288681387901 0.988182783126831
11.533333778381348 -0.029569901525974274 -0.3045484125614166 0.24926503002643585 -0.14015094935894012 0.03333176672458649 0.04979997128248215 0.9883150458335876
11.566666603088379 -0.037040963768959045 -0.3082239031791687 0.24246370792388916 -0.14035624265670776 0.025240346789360046 0.04760298877954483 0.988633930683136
11.600000381469727 -0.043370310217142105 -0.31069064140319824 0.23211193084716797 -0.13881924748420715 0.019467893987894058 0.045510657131671906 0.9890799522399902
11.633333206176758 -0.0500740185379982 -0.31341302394866943 0.22111976146697998 -0.13793444633483887 0.014822534285485744 0.042717717587947845 0.9894087910652161
11.666666984558105 -0.05683223903179169 -0.31605470180511475 0.21074528992176056 -0.1378793567419052 0.01196274533867836 0.039757128804922104 0.9895785450935364
11.699999809265137 -0.06435170769691467 -0.32013872265815735 0.2012896090745926 -0.1389264166355133 0.00987265445291996 0.03855022415518761 0.9895028471946716
11.733333587646484 -0.07279953360557556 -0.32361656427383423 0.19021444022655487 -0.1383569985628128 0.006480713840574026 0.037289515137672424 0.9896589517593384
11.766666412353516 -0.0818987637758255 -0.3276121914386749 0.17882053554058075 -0.13699354231357574 0.0015366902807727456 0.03737986832857132 0.9898653030395508
11.800000190734863 -0.09152089804410934 -0.3317232131958008 0.16632501780986786 -0.13543295860290527 0.001360096619464457 0.03712619096040726 0.9900897741317749
11.833333015441895 -0.10034342855215073 -0.3325406610965729 0.1508556455373764 -0.13266852498054504 -0.0005961951101198792 0.03514459729194641 0.9905371069908142
11.866666793823242 -0.11181849241256714 -0.3346143960952759 0.1362122744321823 -0.13165031373500824 -0.002335113240405917 0.032705433666706085 0.9907537698745728
11.899999618530273 -0.12029603868722916 -0.3349238932132721 0.12268776446580887 -0.13070346415042877 -0.0030930687207728624 0.031110992655158043 0.9909284114837646
11.933333396911621 -0.13256092369556427 -0.3346131443977356 0.10837652534246445 -0.12955717742443085 -0.0039849430322647095 0.028239933773875237 0.9911617040634155
11.966666221618652 -0.1427735984325409 -0.33256426453590393 0.09484010189771652 -0.12823300063610077 -0.005764802917838097 0.026527203619480133 0.9913724660873413
12.0 -0.15294669568538666 -0.3306524455547333 0.08282497525215149 -0.1280442327260971 -0.006691121030598879 0.026359712705016136 0.9913955926895142
12.033333778381348 -0.16436363756656647 -0.3270203471183777 0.07075533270835876 -0.12789364159107208 -0.0067075579427182674 0.024018770083785057 0.9914743900299072
12.066666603088379 -0.17357735335826874 -0.3228904902935028 0.05811517685651779 -0.12777988612651825 -0.0092666856944561 0.02269713580608368 0.9914995431900024
12.100000381469727 -0.18107526004314423 -0.31800615787506104 0.04924234375357628 -0.12816683948040009 -0.012092791497707367 0.020866835489869118 0.991459310054779
12.133333206176758 -0.192790687084198 -0.3129151463508606 0.040827568620443344 -0.12925682961940765 -0.012038175947964191 0.0174460019916296 0.9913846254348755
12.166666984558105 -0.20242369174957275 -0.3073924481868744 0.030775556340813637 -0.13049465417861938 -0.013592361472547054 0.016359711065888405 0.9912208318710327
12.199999809265137 -0.21166308224201202 -0.30126461386680603 0.022860240191221237 -0.13050416111946106 -0.014942116104066372 0.01486331969499588 0.9912237524986267
12.233333587646484 -0.2170676290988922 -0.2956884503364563 0.015089577995240688 -0.1291746348142624 -0.01729728654026985 0.013262392953038216 0.991382360458374
12.266666412353516 -0.2246834933757782 -0.29020893573760986 0.008741680532693863 -0.1273048371076584 -0.018967214971780777 0.013968627899885178 0.9915839433670044
12.300000190734863 -0.22878172993659973 -0.28346580266952515 0.0029840467032045126 -0.1260981559753418 -0.02066931128501892 0.013353218324482441 0.9917125105857849
12.333333015441895 -0.23262128233909607 -0.27698367834091187 0.0006026854389347136 -0.12728798389434814 -0.018595872446894646 0.01411262433975935 0.9915910363197327
12.366666793823242 -0.23767584562301636 -0.27045199275016785 -0.003849006723612547 -0.1286739557981491 -0.015561825595796108 0.014506464824080467 0.9914587140083313
12.399999618530273 -0.24350836873054504 -0.2650825083255768 -0.005384037736803293 -0.12974649667739868 -0.015625007450580597 0.014255072921514511 0.9913216233253479
12.433333396911621 -0.2514740526676178 -0.25952664017677307 -0.006482362747192383 -0.13006412982940674 -0.01611161418259144 0.013746511191129684 0.9912793636322021
12.466666221618652 -0.25642329454421997 -0.2532171905040741 -0.004534699954092503 -0.1310209184885025 -0.01862812601029873 0.012444332242012024 0.9911264777183533
12.5 -0.25157806277275085 -0.24564030766487122 -0.0008085719309747219 -0.13299618661403656 -0.02533833123743534 0.008450780995190144 0.9907565712928772
12.533333778381348 -0.25646263360977173 -0.23911768198013306 0.004879195708781481 -0.13563436269760132 -0.02384009025990963 0.008537482470273972 0.9904353618621826
12.566666603088379 -0.2593296468257904 -0.2283346801996231 0.011672317050397396 -0.1409377157688141 -0.030393026769161224 0.008124103769659996 0.9895185828208923
12.600000381469727 -0.2622266113758087 -0.2185472995042801 0.01792406104505062 -0.1460283100605011 -0.03140200302004814 0.007752898149192333 0.9887515902519226
12.633333206176758 -0.26600950956344604 -0.20789141952991486 0.024102723225951195 -0.15172243118286133 -0.03102440945804119 0.007609476335346699 0.9879068732261658
12.666666984558105 -0.2681427001953125 -0.19828999042510986 0.032140761613845825 -0.1588536649942398 -0.03120635449886322 0.009034411050379276 0.9867675304412842
12.699999809265137 -0.2701813578605652 -0.19111813604831696 0.038404785096645355 -0.1654527187347412 -0.03166203573346138 0.010047487914562225 0.9856581091880798
12.733333587646484 -0.2736431658267975 -0.17852987349033356 0.046529389917850494 -0.16996659338474274 -0.03395466506481171 0.011610937304794788 0.9847962856292725
12.766666412353516 -0.27615126967430115 -0.1710742563009262 0.05343683809041977 -0.17642083764076233 -0.03571978583931923 0.011141865514218807 0.9836034774780273
12.800000190734863 -0.2784985899925232 -0.1630856841802597 0.06029437854886055 -0.18351837992668152 -0.03626703470945358 0.011349917389452457 0.982281506061554
12.833333015441895 -0.2812516987323761 -0.1505693942308426 0.0680965706706047 -0.18902195990085602 -0.037265345454216 0.012386104092001915 0.9811873435974121
12.866666793823242 -0.282772034406662 -0.1432916522026062 0.07487469166517258 -0.19571712613105774 -0.03945528343319893 0.012402328662574291 0.9797878861427307
12.899999618530273 -0.28414982557296753 -0.1353071928024292 0.07912907749414444 -0.19969874620437622 -0.04164213314652443 0.013180330395698547 0.9788833260536194
12.933333396911621 -0.28316885232925415 -0.127247154712677 0.08647291362285614 -0.20464302599430084 -0.04492523521184921 0.017540844157338142 0.9776479005813599
12.966666221618652 -0.2903996407985687 -0.12210258841514587 0.09431775659322739 -0.21142767369747162 -0.04096732288599014 0.015787877142429352 0.9764071106910706
13.0 -0.2898121774196625 -0.11405567824840546 0.09712366759777069 -0.21576431393623352 -0.04155484214425087 0.017719542607665062 0.9753999710083008
13.033333778381348 -0.29008930921554565 -0.10710103064775467 0.10079190880060196 -0.22055748105049133 -0.04057060554623604 0.01725960709154606 0.9743770360946655
13.066666603088379 -0.2892732620239258 -0.1005897969007492 0.1034308522939682 -0.224131241440773 -0.04211908206343651 0.018089938908815384 0.9734803438186646
13.100000381469727 -0.28928518295288086 -0.09421876817941666 0.10573547333478928 -0.22898508608341217 -0.04192237928509712 0.018170783296227455 0.9723570346832275
13.133333206176758 -0.2886147201061249 -0.08810833096504211 0.10735515505075455 -0.23257043957710266 -0.04249302297830582 0.01840898022055626 0.9714764952659607
13.166666984558105 -0.28800398111343384 -0.08199544250965118 0.10872885584831238 -0.23614414036273956 -0.043717265129089355 0.018584854900836945 0.9705562591552734
13.199999809265137 -0.28827592730522156 -0.0763147696852684 0.10904207825660706 -0.23996101319789886 -0.043509140610694885 0.016718944534659386 0.9696629643440247
13.233333587646484 -0.2877829074859619 -0.07010453194379807 0.10898804664611816 -0.2436741292476654 -0.042175088077783585 0.015617158263921738 0.9688138961791992
13.266666412353516 -0.28666776418685913 -0.06664472818374634 0.10981780290603638 -0.2478957623243332 -0.041275955736637115 0.016922350972890854 0.9677591323852539
13.300000190734863 -0.2853087782859802 -0.06185385212302208 0.10960064828395844 -0.24911309778690338 -0.042569875717163086 0.018692778423428535 0.9673578143119812
13.333333015441895 -0.28434479236602783 -0.05904777720570564 0.10974803566932678 -0.25142109394073486 -0.043752968311309814 0.020681528374552727 0.966667115688324
13.366666793823242 -0.2837398648262024 -0.05386786162853241 0.10767171531915665 -0.25086742639541626 -0.04451585188508034 0.020440541207790375 0.9667813181877136
13.399999618530273 -0.2833874225616455 -0.05052635446190834 0.1066461056470871 -0.25145602226257324 -0.0449877493083477 0.020244207233190536 0.9666107296943665
13.433333396911621 -0.2824341356754303 -0.047814156860113144 0.1045711562037468 -0.25218674540519714 -0.044471826404333115 0.020542755722999573 0.966437816619873
13.466666221618652 -0.2811936140060425 -0.04731343686580658 0.10371530055999756 -0.2546239495277405 -0.04350481182336807 0.021183090284466743 0.9658287763595581
13.5 -0.279453307390213 -0.04594095051288605 0.10223902761936188 -0.25460273027420044 -0.04328583925962448 0.022465936839580536 0.9658151865005493
13.533333778381348 -0.2771908640861511 -0.045388974249362946 0.10105560719966888 -0.25366321206092834 -0.04359705373644829 0.02507024072110653 0.9659843444824219
13.566666603088379 -0.27535417675971985 -0.04492911323904991 0.09974690526723862 -0.25241923332214355 -0.04439061880111694 0.027189107611775398 0.9662167429924011
13.600000381469727 -0.27400293946266174 -0.045164819806814194 0.10003478080034256 -0.25314947962760925 -0.0446806475520134 0.028990069404244423 0.9659599661827087
13.633333206176758 -0.2734195291996002 -0.044807955622673035 0.10127735137939453 -0.2548048794269562 -0.04380609467625618 0.03027409128844738 0.9655252695083618
13.666666984558105 -0.2733229398727417 -0.043444693088531494 0.10302811115980148 -0.2564995288848877 -0.043445345014333725 0.030189551413059235 0.9650954008102417
13.699999809265137 -0.27248427271842957 -0.04214441031217575 0.10559727251529694 -0.25966140627861023 -0.04353678971529007 0.031386055052280426 0.9642071723937988
13.733333587646484 -0.27216288447380066 -0.03960631415247917 0.10782740265130997 -0.26240745186805725 -0.042804308235645294 0.03229880705475807 0.9634661674499512
13.766666412353516 -0.27175283432006836 -0.03800688311457634 0.10991232842206955 -0.2651432752609253 -0.04234267771244049 0.03307301551103592 0.962710976600647
13.800000190734863 -0.2719173729419708 -0.03800436481833458 0.1118658259510994 -0.26773521304130554 -0.042059097439050674 0.033421460539102554 0.9619936943054199
13.833333015441895 -0.2736961841583252 -0.041084758937358856 0.11633725464344025 -0.2744045555591583 -0.04055269807577133 0.03242061287164688 0.9602117538452148
13.866666793823242 -0.27408939599990845 -0.04096253588795662 0.11862701177597046 -0.27749183773994446 -0.03935741260647774 0.03282764554023743 0.9593600630760193
13.899999618530273 -0.27374958992004395 -0.039577797055244446 0.12078593671321869 -0.28013771772384644 -0.0388750284910202 0.03311878815293312 0.9586004018783569
13.933333396911621 -0.2737898528575897 -0.038319144397974014 0.12326079607009888 -0.2832515835762024 -0.03725404292345047 0.03383643552660942 0.9577243328094482
13.966666221618652 -0.2744242250919342 -0.03708736598491669 0.12623338401317596 -0.2874223291873932 -0.035061463713645935 0.03408016636967659 0.956555187702179
14.0 -0.2746002674102783 -0.03546913340687752 0.1295577436685562 -0.2916557788848877 -0.0328829362988472 0.03465590253472328 0.9553295969963074
14.033333778381348 -0.2753119170665741 -0.03409506753087044 0.133327454328537 -0.2967444658279419 -0.03043043240904808 0.035266321152448654 0.9538202881813049
14.066666603088379 -0.27607908844947815 -0.03300381079316139 0.1381538063287735 -0.30233725905418396 -0.02821521833539009 0.035496100783348083 0.952121913433075
14.100000381469727 -0.27786168456077576 -0.0315064862370491 0.14318950474262238 -0.30778300762176514 -0.025225035846233368 0.03527062386274338 0.9504679441452026
14.133333206176758 -0.2794090807437897 -0.02943337708711624 0.14859925210475922 -0.31391164660453796 -0.02247377298772335 0.03453541547060013 0.9485577344894409
14.166666984558105 -0.281089186668396 -0.02705264650285244 0.15405209362506866 -0.320438951253891 -0.01844453252851963 0.03413797914981842 0.9464741945266724
14.199999809265137 -0.28206005692481995 -0.02455863170325756 0.15851300954818726 -0.3257220387458801 -0.014140386134386063 0.03448694199323654 0.9447305798530579
14.233333587646484 -0.2851601243019104 -0.022767724469304085 0.163362056016922 -0.33076080679893494 -0.008186900988221169 0.03396076336503029 0.9430679082870483
14.266666412353516 -0.2868694067001343 -0.02065523900091648 0.16713403165340424 -0.3344212472438812 -0.004777712747454643 0.03463787958025932 0.9417749047279358
14.300000190734863 -0.28859224915504456 -0.01920207031071186 0.1699257493019104 -0.3353877365589142 -0.0022227417211979628 0.035693295300006866 0.9414012432098389
14.333333015441895 -0.2903243601322174 -0.018069161102175713 0.17180664837360382 -0.33419787883758545 0.002435870235785842 0.03635892644524574 0.941798210144043
14.366666793823242 -0.292361855506897 -0.01718762516975403 0.17413508892059326 -0.3342787027359009 0.0030070149805396795 0.04115012288093567 0.9415706992149353
14.399999618530273 -0.2921604514122009 -0.01582496240735054 0.17612363398075104 -0.3342527747154236 0.003479333594441414 0.0458470918238163 0.9413613080978394
14.433333396911621 -0.29142263531684875 -0.01292383298277855 0.1784660518169403 -0.3360065519809723 0.004340361338108778 0.04969935119152069 0.9405375123023987
14.466666221618652 -0.29125306010246277 -0.009896451607346535 0.1822444498538971 -0.34100863337516785 0.005860444158315659 0.05076872184872627 0.9386699795722961
14.5 -0.2923770546913147 -0.00768471322953701 0.1873249113559723 -0.34702789783477783 0.00928743090480566 0.05006861314177513 0.9364714026451111
14.533333778381348 -0.29227712750434875 -0.004829047247767448 0.19178816676139832 -0.35079312324523926 0.010301548056304455 0.05020759627223015 0.9350494146347046
14.566666603088379 -0.29275694489479065 -0.0027044143062084913 0.19674235582351685 -0.35541242361068726 0.012175599113106728 0.04989958181977272 0.9332972764968872
14.600000381469727 -0.2967624366283417 -0.003724267240613699 0.20340262353420258 -0.36328718066215515 0.01978660747408867 0.04870722442865372 0.930192768573761
14.633333206176758 -0.2963239550590515 -0.002978272968903184 0.2057826817035675 -0.364310085773468 0.022915871813893318 0.049579232931137085 0.9296746850013733
14.666666984558105 -0.2940330505371094 -0.0026681520976126194 0.20775850117206573 -0.3662896454334259 0.025501074269413948 0.05206986889243126 0.9286928772926331
14.699999809265137 -0.2917649447917938 -0.0023279604502022266 0.20923948287963867 -0.36721163988113403 0.027555640786886215 0.05471890792250633 0.9281175136566162
14.733333587646484 -0.2891286015510559 -0.0022652035113424063 0.21044902503490448 -0.36812224984169006 0.029718074947595596 0.057792261242866516 0.9275035858154297
14.766666412353516 -0.2863348424434662 -0.002158302115276456 0.21151556074619293 -0.36853402853012085 0.0324639268219471 0.061234183609485626 0.9270270466804504
14.800000190734863 -0.2836119830608368 -0.0024150139652192593 0.212726891040802 -0.36936479806900024 0.03540473058819771 0.06443042308092117 0.9263718724250793
14.833333015441895 -0.2807665467262268 -0.0025592041201889515 0.21411669254302979 -0.37062740325927734 0.0383894257247448 0.06772471964359283 0.9255133867263794
14.866666793823242 -0.27833226323127747 -0.0021088861394673586 0.21587298810482025 -0.3715009391307831 0.04286692291498184 0.07089264690876007 0.92472904920578
14.899999618530273 -0.27543437480926514 -0.0020267064683139324 0.21744370460510254 -0.37297189235687256 0.045883648097515106 0.07412959635257721 0.9237378239631653
14.933333396911621 -0.27371329069137573 -0.0011481032706797123 0.21972934901714325 -0.3749452233314514 0.050213057547807693 0.076453797519207 0.9225234985351562
14.966666221618652 -0.2719518840312958 -0.00023326306836679578 0.2229267805814743 -0.37812718749046326 0.054379936307668686 0.07831039279699326 0.9208312034606934
15.0 -0.26980721950531006 0.0005693061393685639 0.22557947039604187 -0.3805944323539734 0.05739570036530495 0.08044739067554474 0.9194465279579163
15.033333778381348 -0.26890355348587036 0.002098754281178117 0.22718623280525208 -0.3816443681716919 0.06170492246747017 0.08164489269256592 0.9186263084411621
15.066666603088379 -0.26798105239868164 0.002493384527042508 0.2289043515920639 -0.3832235038280487 0.06506622582674026 0.08276780694723129 0.9176359176635742
15.100000381469727 -0.267058402299881 0.0026240490842610598 0.2299138456583023 -0.384024441242218 0.06762702018022537 0.08383627235889435 0.9170186519622803
15.133333206176758 -0.26645153760910034 0.002718260744586587 0.23002655804157257 -0.38370978832244873 0.06962631642818451 0.08467282354831696 0.9169238805770874
15.166666984558105 -0.26622191071510315 0.0026395076420158148 0.22954681515693665 -0.38293227553367615 0.07043886929750443 0.08516473323106766 0.9171413779258728
15.199999809265137 -0.26618683338165283 0.0023004631511867046 0.22899386286735535 -0.3821340799331665 0.07010218501091003 0.08543306589126587 0.9174750447273254
15.233333587646484 -0.2669203281402588 0.0015197197208181024 0.2282077670097351 -0.38154253363609314 0.06854090839624405 0.08484011888504028 0.9178941249847412
15.266666412353516 -0.26880720257759094 -0.00013899095938540995 0.22682921588420868 -0.38000595569610596 0.06656184792518616 0.08345456421375275 0.9188038110733032
15.300000190734863 -0.27215340733528137 -0.003712306497618556 0.22504812479019165 -0.3765731751918793 0.06329178065061569 0.08143101632595062 0.9206278920173645
15.333333015441895 -0.2764478027820587 -0.00879803765565157 0.2222099006175995 -0.3705568015575409 0.05814388394355774 0.07880992442369461 0.9236319661140442
15.366666793823242 -0.2826410233974457 -0.016469290480017662 0.22142088413238525 -0.3654027283191681 0.05289836600422859 0.07597429305315018 0.9262346625328064
15.399999618530273 -0.28921306133270264 -0.02359270304441452 0.22174270451068878 -0.36167410016059875 0.04795106127858162 0.07244491577148438 0.9282479882240295
15.433333396911621 -0.29571104049682617 -0.02925972081720829 0.22267304360866547 -0.35884106159210205 0.04375392571091652 0.06772776693105698 0.9299095273017883
15.466666221618652 -0.303179532289505 -0.036024924367666245 0.22639283537864685 -0.360534131526947 0.04249241575598717 0.06294655054807663 0.9296490550041199
15.5 -0.31051918864250183 -0.04110930487513542 0.22953766584396362 -0.3609602451324463 0.04047682136297226 0.05807493254542351 0.9298906922340393
15.533333778381348 -0.3193497359752655 -0.046404074877500534 0.23441995680332184 -0.3616059124469757 0.03742336109280586 0.052780669182538986 0.9300832152366638
15.566666603088379 -0.3283420205116272 -0.05238546058535576 0.23840533196926117 -0.36066561937332153 0.03274095430970192 0.049795567989349365 0.9307893514633179
15.600000381469727 -0.33452245593070984 -0.057060882449150085 0.24139147996902466 -0.3589709401130676 0.02730722539126873 0.048660293221473694 0.931679368019104
15.633333206176758 -0.34412917494773865 -0.06095544993877411 0.24695764482021332 -0.35945063829421997 0.026229575276374817 0.046198174357414246 0.9316507577896118
15.666666984558105 -0.3512495756149292 -0.06346933543682098 0.2497590333223343 -0.35831737518310547 0.023700445890426636 0.045065928250551224 0.9322103261947632
15.699999809265137 -0.3574548363685608 -0.06597393751144409 0.25344908237457275 -0.3590106964111328 0.0219036266207695 0.044379327446222305 0.9320204257965088
15.733333587646484 -0.36390042304992676 -0.06711500138044357 0.2565366327762604 -0.3586576282978058 0.021598288789391518 0.04264677315950394 0.9322443604469299
15.766666412353516 -0.3701157569885254 -0.06860338896512985 0.2589254081249237 -0.35798776149749756 0.022497136145830154 0.0405380018055439 0.9325746297836304
15.800000190734863 -0.3758315145969391 -0.06928882747888565 0.2604005038738251 -0.35670241713523865 0.025080528110265732 0.03718584030866623 0.933140754699707
15.833333015441895 -0.3793245255947113 -0.0708351582288742 0.25957560539245605 -0.3545875549316406 0.026624493300914764 0.03511036932468414 0.9339840412139893
15.866666793823242 -0.38184353709220886 -0.073663130402565 0.2585178315639496 -0.3531102240085602 0.03078152984380722 0.03310820460319519 0.9344889521598816
15.899999618530273 -0.382450670003891 -0.07714683562517166 0.2557266652584076 -0.3505031168460846 0.036899860948324203 0.03063962794840336 0.935332715511322
15.933333396911621 -0.3809241056442261 -0.0833032876253128 0.25028014183044434 -0.34641242027282715 0.04264022409915924 0.029717784374952316 0.9366413950920105
15.966666221618652 -0.37996307015419006 -0.08961986005306244 0.2439376264810562 -0.3393864035606384 0.04420891031622887 0.028242526575922966 0.9391830563545227
16.0 -0.37621456384658813 -0.09628969430923462 0.23338262736797333 -0.328395813703537 0.04159405082464218 0.029759114608168602 0.9431546330451965
16.03333282470703 -0.3704456090927124 -0.10407883673906326 0.22349222004413605 -0.31788450479507446 0.04428112879395485 0.03325057402253151 0.9465110301971436
16.066667556762695 -0.3621990382671356 -0.11171681433916092 0.2128775417804718 -0.30903536081314087 0.05031226575374603 0.03777170553803444 0.948967456817627
16.100000381469727 -0.352417528629303 -0.12044496834278107 0.20313499867916107 -0.30366259813308716 0.05859348550438881 0.04264349117875099 0.9500197172164917
16.133333206176758 -0.34121766686439514 -0.12956412136554718 0.19224536418914795 -0.2981502413749695 0.06793254613876343 0.047939226031303406 0.9508908987045288
16.16666603088379 -0.32786744832992554 -0.14017584919929504 0.1838500201702118 -0.29538145661354065 0.07474696636199951 0.053842246532440186 0.9509278535842896
16.200000762939453 -0.31608399748802185 -0.14865601062774658 0.17233167588710785 -0.2880207300186157 0.08149220794439316 0.057854313403367996 0.9523949027061462
16.233333587646484 -0.3029457926750183 -0.1606646180152893 0.15843930840492249 -0.2808854281902313 0.08743497729301453 0.06262782216072083 0.9536961317062378
16.266666412353516 -0.2886996269226074 -0.1693340241909027 0.14479075372219086 -0.2702087163925171 0.08779195696115494 0.06947904080152512 0.956270158290863
16.299999237060547 -0.2758800685405731 -0.17788837850093842 0.12961842119693756 -0.25950542092323303 0.0877971351146698 0.07647056877613068 0.958697497844696
16.33333396911621 -0.26050546765327454 -0.1915845423936844 0.11838070303201675 -0.2544155716896057 0.08814152330160141 0.084645114839077 0.9593430161476135
16.366666793823242 -0.24772079288959503 -0.19062404334545135 0.09595412015914917 -0.2417832762002945 0.09301712363958359 0.09421384334564209 0.9612556099891663
16.399999618530273 -0.20201438665390015 -0.19381174445152283 0.07990305870771408 -0.23658643662929535 0.08522521704435349 0.11233912408351898 0.9613237977027893
16.433332443237305 -0.19584059715270996 -0.19831323623657227 0.06900321692228317 -0.23232132196426392 0.09985074400901794 0.11913936585187912 0.9601367115974426
16.46666717529297 -0.15442346036434174 -0.20072580873966217 0.0494396798312664 -0.23345038294792175 0.09981603175401688 0.13382595777511597 0.9579291939735413
16.5 -0.14681847393512726 -0.20407989621162415 0.039224907755851746 -0.22711391746997833 0.13074272871017456 0.13045938313007355 0.9561934471130371
16.53333282470703 -0.13170811533927917 -0.20934632420539856 0.027852589264512062 -0.2302500456571579 0.13289286196231842 0.14312519133090973 0.9533308148384094
16.566667556762695 -0.11545130610466003 -0.20599167048931122 0.010243035852909088 -0.23078902065753937 0.1359986513853073 0.15622495114803314 0.9507021307945251
16.600000381469727 -0.10089149326086044 -0.2024155855178833 -0.001228483859449625 -0.23166686296463013 0.14206835627555847 0.16668951511383057 0.9478194117546082
16.633333206176758 -0.10871070623397827 -0.17206037044525146 -0.01773804798722267 -0.2144571989774704 0.15877185761928558 0.16080209612846375 0.9502328038215637
16.66666603088379 -0.10087929666042328 -0.1683763712644577 -0.023760588839650154 -0.21952956914901733 0.1694793999195099 0.16899576783180237 0.9457927346229553
16.700000762939453 -0.08629049360752106 -0.16230596601963043 -0.03593139722943306 -0.22263436019420624 0.1761072278022766 0.17743799090385437 0.9423035979270935
16.733333587646484 -0.06647472083568573 -0.15125617384910583 -0.04762369394302368 -0.22523413598537445 0.18246708810329437 0.1867959350347519 0.9386600255966187
16.766666412353516 -0.05878479406237602 -0.14181141555309296 -0.05392777919769287 -0.22835448384284973 0.1887577921152115 0.19420099258422852 0.9351527690887451
16.799999237060547 -0.05124393105506897 -0.13233759999275208 -0.05929355323314667 -0.22878776490688324 0.19383807480335236 0.19935789704322815 0.9329199194908142
16.83333396911621 -0.03241373226046562 -0.11896716803312302 -0.07056311517953873 -0.2264578640460968 0.19162100553512573 0.2091209590435028 0.9318082928657532
16.866666793823242 -0.024446088820695877 -0.10979004204273224 -0.07569344341754913 -0.22471481561660767 0.19425086677074432 0.2162560075521469 0.9300554990768433
16.899999618530273 -0.015551787801086903 -0.10106365382671356 -0.08295425772666931 -0.22327038645744324 0.19565406441688538 0.2232624739408493 0.9284523725509644
16.933332443237305 -0.008225631900131702 -0.08938027918338776 -0.08972477912902832 -0.22099649906158447 0.1967800408601761 0.2299535721540451 0.9271244406700134
16.96666717529297 0.007273791823536158 -0.08182121068239212 -0.09527759999036789 -0.2247658222913742 0.19623365998268127 0.24175037443637848 0.92332524061203
17.0 0.017273614183068275 -0.07146906852722168 -0.10160128027200699 -0.22543708980083466 0.19807098805904388 0.2536538243293762 0.9195682406425476
17.03333282470703 0.027148913592100143 -0.055881716310977936 -0.1095910295844078 -0.22372452914714813 0.19664794206619263 0.2670021951198578 0.9165078997612
17.066667556762695 0.034263964742422104 -0.03601857274770737 -0.11920982599258423 -0.2190248966217041 0.1965915709733963 0.2801026403903961 0.9137409329414368
17.100000381469727 0.04863154888153076 -0.030061695724725723 -0.12419182807207108 -0.21820631623268127 0.19653314352035522 0.2947285771369934 0.9093381762504578
17.133333206176758 0.05795818194746971 -0.023214880377054214 -0.1332811862230301 -0.21664182841777802 0.1977461725473404 0.3075977563858032 0.9051775932312012
17.16666603088379 0.06416372209787369 -0.010889238677918911 -0.13837993144989014 -0.21416477859020233 0.20170381665229797 0.31624096632003784 0.9019095301628113
17.200000762939453 0.07854201644659042 -0.006624684203416109 -0.14405888319015503 -0.219402015209198 0.2047518491744995 0.32599470019340515 0.8964747190475464
17.233333587646484 0.08293846994638443 0.004323192406445742 -0.1441481113433838 -0.22431866824626923 0.2122020423412323 0.33322614431381226 0.8908489346504211
17.266666412353516 0.0866711437702179 0.018912727013230324 -0.15104644000530243 -0.22340555489063263 0.21389712393283844 0.3412734568119049 0.8876206874847412
17.299999237060547 0.0960523933172226 0.023634320124983788 -0.15337756276130676 -0.22642065584659576 0.21193766593933105 0.35243740677833557 0.8829519152641296
17.33333396911621 0.10616209357976913 0.029596932232379913 -0.16102655231952667 -0.22697129845619202 0.2074051946401596 0.3662551939487457 0.8782507181167603
17.366666793823242 0.10900648683309555 0.06677806377410889 -0.16700191795825958 -0.20686721801757812 0.20267431437969208 0.37061575055122375 0.8824812769889832
17.399999618530273 0.11401431262493134 0.0743568018078804 -0.17138727009296417 -0.22475692629814148 0.1999037265777588 0.38994163274765015 0.870326578617096
17.433332443237305 0.11916908621788025 0.08145270496606827 -0.17726808786392212 -0.21062223613262177 0.20649507641792297 0.39062386751174927 0.8720155358314514
17.46666717529297 0.12415926158428192 0.0859512984752655 -0.18485839664936066 -0.19749778509140015 0.2133331447839737 0.39215224981307983 0.8727543950080872
17.5 0.12812598049640656 0.08909008651971817 -0.19092336297035217 -0.18320587277412415 0.21443387866020203 0.39451703429222107 0.8745342493057251
17.53333282470703 0.13041375577449799 0.09206219017505646 -0.19497443735599518 -0.17144672572612762 0.21200570464134216 0.3985233008861542 0.8756933212280273
17.566667556762695 0.13197308778762817 0.09786475449800491 -0.1987428218126297 -0.15888051688671112 0.2103666365146637 0.4024125337600708 0.8766795992851257
17.600000381469727 0.13502518832683563 0.10036332160234451 -0.20398053526878357 -0.1499393880367279 0.20855192840099335 0.4097844958305359 0.8752719759941101
17.633333206176758 0.13880465924739838 0.10352315753698349 -0.20937873423099518 -0.14152047038078308 0.205722838640213 0.4189642667770386 0.8729943633079529
17.66666603088379 0.14237423241138458 0.11020512878894806 -0.21346749365329742 -0.13235004246234894 0.20129594206809998 0.4281458258628845 0.8710078597068787
17.700000762939453 0.14617003500461578 0.11281228810548782 -0.2175912857055664 -0.12639948725700378 0.1964990347623825 0.43946290016174316 0.8673429489135742
17.733333587646484 0.14864268898963928 0.12149584293365479 -0.21989791095256805 -0.11835483461618423 0.18950805068016052 0.4483325481414795 0.8654922842979431
17.766666412353516 0.1546788066625595 0.12565580010414124 -0.22418133914470673 -0.11369947344064713 0.18064460158348083 0.4602220356464386 0.8617631793022156
17.799999237060547 0.15632182359695435 0.13306882977485657 -0.2253463864326477 -0.10603013634681702 0.17410282790660858 0.4677714407444 0.8600207567214966
17.83333396911621 0.1605699509382248 0.1368168145418167 -0.22714531421661377 -0.10176306962966919 0.1674005687236786 0.476351797580719 0.8571524620056152
17.866666793823242 0.1638956367969513 0.13978855311870575 -0.22940044105052948 -0.09855912625789642 0.16477036476135254 0.4830675423145294 0.8542732000350952
17.899999618530273 0.16770251095294952 0.14246471226215363 -0.2329961061477661 -0.09648800641298294 0.1641927808523178 0.48931121826171875 0.8510613441467285
17.933332443237305 0.16833174228668213 0.14638806879520416 -0.23407873511314392 -0.09434634447097778 0.16564823687076569 0.49253949522972107 0.849155068397522
17.96666717529297 0.16976840794086456 0.14901848137378693 -0.23612624406814575 -0.092033252120018 0.16673685610294342 0.4956519305706024 0.8473830223083496
18.0 0.16999748349189758 0.14775411784648895 -0.2353982925415039 -0.09001735597848892 0.16979479789733887 0.49864667654037476 0.8452326655387878
18.03333282470703 0.1694389134645462 0.1405811905860901 -0.24352909624576569 -0.08953041583299637 0.17295709252357483 0.5032764077186584 0.8418926000595093
18.066667556762695 0.17013800144195557 0.14206649363040924 -0.24560301005840302 -0.08664105087518692 0.17299465835094452 0.5061062574386597 0.8404895067214966
18.100000381469727 0.17095816135406494 0.1429368555545807 -0.2468653917312622 -0.08588534593582153 0.17337314784526825 0.5087839961051941 0.8388708233833313
18.133333206176758 0.17198793590068817 0.14410647749900818 -0.24712152779102325 -0.08627264201641083 0.1727064996957779 0.5103985667228699 0.8379873037338257
18.16666603088379 0.17394235730171204 0.144718736410141 -0.24482335150241852 -0.08841568231582642 0.16697435081005096 0.513339638710022 0.8371288180351257
18.200000762939453 0.17463180422782898 0.14661188423633575 -0.24158085882663727 -0.08581604808568954 0.15468744933605194 0.5176762342453003 0.8370894193649292
18.233333587646484 0.17238348722457886 0.14832447469234467 -0.23763367533683777 -0.0730431079864502 0.1413719803094864 0.5221616625785828 0.8378698229789734
18.266666412353516 0.17127780616283417 0.14907431602478027 -0.23640967905521393 -0.0593440942466259 0.13292348384857178 0.5294586420059204 0.8357530236244202
18.299999237060547 0.17105188965797424 0.15152066946029663 -0.23709489405155182 -0.0496385283768177 0.12506619095802307 0.5384466648101807 0.8318471312522888
18.33333396911621 0.1692987084388733 0.15909387171268463 -0.23877622187137604 -0.04430057853460312 0.12326564639806747 0.5487258434295654 0.8256773352622986
18.366666793823242 0.16932108998298645 0.16315585374832153 -0.24078164994716644 -0.04741300642490387 0.12811383605003357 0.55665123462677 0.8194378018379211
18.399999618530273 0.1695946305990219 0.16565720736980438 -0.24346280097961426 -0.04943432658910751 0.13529697060585022 0.562134861946106 0.8144049644470215
18.433332443237305 0.17011497914791107 0.16995950043201447 -0.24815130233764648 -0.044691625982522964 0.13821876049041748 0.568411648273468 0.8098188042640686
18.46666717529297 0.170546293258667 0.17201267182826996 -0.2510162889957428 -0.038134217262268066 0.13845036923885345 0.5756222605705261 0.8050071001052856
18.5 0.1711878776550293 0.17649909853935242 -0.25335705280303955 -0.0302713755518198 0.1359388530254364 0.5806828141212463 0.8021295666694641
18.53333282470703 0.17233262956142426 0.1806292086839676 -0.25548577308654785 -0.0263464767485857 0.134510338306427 0.5850527286529541 0.7993285655975342
18.566667556762695 0.17351584136486053 0.18591800332069397 -0.25744861364364624 -0.024608096107840538 0.13388080894947052 0.5881142616271973 0.7972403168678284
18.600000381469727 0.17538121342658997 0.1893600970506668 -0.2595760226249695 -0.023204432800412178 0.1334608942270279 0.5911437273025513 0.7951093912124634
18.633333206176758 0.177245631814003 0.19023028016090393 -0.2604607343673706 -0.02277267724275589 0.13403891026973724 0.5940269827842712 0.7928726077079773
18.66666603088379 0.17931444942951202 0.19084107875823975 -0.26013875007629395 -0.023772547021508217 0.1372145712375641 0.5968664884567261 0.790162980556488
18.700000762939453 0.1797398179769516 0.19256871938705444 -0.26014605164527893 -0.024056509137153625 0.14023493230342865 0.5983605980873108 0.7884922623634338
18.733333587646484 0.18386594951152802 0.19500185549259186 -0.26150262355804443 -0.02472914382815361 0.13825269043445587 0.6001819968223572 0.7874366044998169
18.766666412353516 0.1848069131374359 0.19695021212100983 -0.2608332931995392 -0.023935070261359215 0.138774573802948 0.6006661057472229 0.7869999408721924
18.799999237060547 0.1860678493976593 0.19882388412952423 -0.26033124327659607 -0.02280404046177864 0.13874885439872742 0.6000573635101318 0.7875023484230042
18.83333396911621 0.1884697824716568 0.20215338468551636 -0.26149341464042664 -0.022462718188762665 0.13756856322288513 0.5995756983757019 0.7880858182907104
18.866666793823242 0.19093529880046844 0.20185419917106628 -0.25949135422706604 -0.028217341750860214 0.140855073928833 0.602420449256897 0.7851453423500061
18.899999618530273 0.19290058314800262 0.20437489449977875 -0.2585107684135437 -0.03204053267836571 0.14173737168312073 0.6029033660888672 0.7844688892364502
18.933332443237305 0.1945919245481491 0.2051333338022232 -0.2578425407409668 -0.0328570120036602 0.14274296164512634 0.6008288860321045 0.7858431935310364
18.96666717529297 0.194807767868042 0.20829929411411285 -0.25844529271125793 -0.028781121596693993 0.14332272112369537 0.5960333943367004 0.789540708065033
19.0 0.19619120657444 0.2061036080121994 -0.2584412097930908 -0.0292095635086298 0.14767023921012878 0.5936553478240967 0.7905147671699524
19.03333282470703 0.19709108769893646 0.20504574477672577 -0.2582617998123169 -0.03146328032016754 0.15390369296073914 0.591776430606842 0.7906481027603149
19.066667556762695 0.20004549622535706 0.20504672825336456 -0.26046258211135864 -0.03511129319667816 0.15639927983283997 0.58919757604599 0.7919296622276306
19.100000381469727 0.20406721532344818 0.20352257788181305 -0.26337549090385437 -0.039147403091192245 0.15752828121185303 0.5858590006828308 0.7939909100532532
19.133333206176758 0.2038475126028061 0.20212829113006592 -0.2625279128551483 -0.04102461040019989 0.16273713111877441 0.5797290802001953 0.7973379492759705
19.16666603088379 0.20360657572746277 0.20059090852737427 -0.2623351514339447 -0.04321322962641716 0.1673463135957718 0.5751514434814453 0.7995802760124207
19.200000762939453 0.2085113674402237 0.1924641877412796 -0.2627016305923462 -0.04899901524186134 0.1715637445449829 0.575345516204834 0.7982119917869568
19.233333587646484 0.21011139452457428 0.1890004426240921 -0.26344260573387146 -0.04775440692901611 0.17315293848514557 0.5701197981834412 0.8016863465309143
19.266666412353516 0.2105984091758728 0.18580980598926544 -0.26426079869270325 -0.04480765014886856 0.17587623000144958 0.5626556277275085 0.8065224289894104
19.299999237060547 0.21369218826293945 0.1774415820837021 -0.26478368043899536 -0.04792317375540733 0.18077556788921356 0.5567883849143982 0.8093271255493164
19.33333396911621 0.2131233811378479 0.17230580747127533 -0.26636412739753723 -0.0507904551923275 0.18727648258209229 0.5507580637931824 0.8117964863777161
19.366666793823242 0.21561478078365326 0.16783179342746735 -0.2693603038787842 -0.05530862510204315 0.19140979647636414 0.548842191696167 0.8118346333503723
19.399999618530273 0.2169865071773529 0.1657075732946396 -0.2732219099998474 -0.05843886360526085 0.19797758758068085 0.5478876233100891 0.810684323310852
19.433332443237305 0.21816366910934448 0.16344276070594788 -0.276974081993103 -0.06227010861039162 0.20812375843524933 0.5453060269355774 0.8095976114273071
19.46666717529297 0.21877509355545044 0.16405422985553741 -0.2814638316631317 -0.06426987797021866 0.2191804051399231 0.5430124998092651 0.8080636858940125
19.5 0.22133249044418335 0.16147109866142273 -0.2854243814945221 -0.07123269140720367 0.23089885711669922 0.5431987047195435 0.804081380367279
19.53333282470703 0.22481951117515564 0.16533106565475464 -0.28899434208869934 -0.07844306528568268 0.24410411715507507 0.5416018962860107 0.800579309463501
19.566667556762695 0.11425047367811203 0.11878812313079834 -0.2100745588541031 -0.06320171058177948 0.34578758478164673 0.5337603688240051 0.7691140174865723
19.600000381469727 0.22514761984348297 0.1632554531097412 -0.293396532535553 -0.09382488578557968 0.2728953957557678 0.5311866998672485 0.7965964078903198
19.633333206176758 0.23062080144882202 0.1735103577375412 -0.29837754368782043 -0.0948738381266594 0.2848741114139557 0.5246490836143494 0.7966110110282898
19.66666603088379 0.22085295617580414 0.16495144367218018 -0.3033476769924164 -0.09561103582382202 0.3033038079738617 0.5172157287597656 0.7945773601531982
19.700000762939453 0.2353857159614563 0.16701415181159973 -0.30749213695526123 -0.09817968308925629 0.3093089759349823 0.513296902179718 0.7944904565811157
19.733333587646484 0.12610134482383728 0.10901399701833725 -0.23455575108528137 -0.08656306564807892 0.40585440397262573 0.5037809610366821 0.7576237916946411
19.766666412353516 0.1306585967540741 0.11158445477485657 -0.2380293756723404 -0.09544891119003296 0.3852847218513489 0.5028727650642395 0.7678307890892029
19.799999237060547 0.1370687633752823 0.10892730206251144 -0.24297769367694855 -0.09815001487731934 0.4049310088157654 0.5001251101493835 0.7591260075569153
19.83333396911621 0.14311493933200836 0.11132176220417023 -0.24601267278194427 -0.10135644674301147 0.41758185625076294 0.4982316195964813 0.7530721426010132
19.866666793823242 0.15024162828922272 0.11016710847616196 -0.25424715876579285 -0.1056993380188942 0.4240943193435669 0.49547767639160156 0.7506487965583801
19.899999618530273 0.15902142226696014 0.10879883915185928 -0.25796666741371155 -0.1109212338924408 0.42571860551834106 0.49608686566352844 0.7485706806182861
19.933332443237305 0.1672922521829605 0.10725589841604233 -0.2607533931732178 -0.11365565657615662 0.42528989911079407 0.4952542781829834 0.7489554286003113
19.96666717529297 0.17169585824012756 0.10625430196523666 -0.26064345240592957 -0.11345018446445465 0.42235109210014343 0.49053075909614563 0.7537428736686707
20.0 0.17334261536598206 0.10368507355451584 -0.2608994245529175 -0.1086932122707367 0.41960424184799194 0.4825792908668518 0.7610750198364258
20.03333282470703 0.1767164170742035 0.09817556291818619 -0.2628019452095032 -0.10487109422683716 0.4187261164188385 0.4751450717449188 0.7667512893676758
20.066667556762695 0.17895440757274628 0.09307494014501572 -0.2647998332977295 -0.10149102658033371 0.4195936918258667 0.468791127204895 0.7706332802772522
20.100000381469727 0.18258444964885712 0.08858627825975418 -0.26680636405944824 -0.09893298894166946 0.41805464029312134 0.46558812260627747 0.773737907409668
20.133333206176758 0.18924957513809204 0.08632580935955048 -0.26992958784103394 -0.09459951519966125 0.41255760192871094 0.4663805365562439 0.7767473459243774
20.16666603088379 0.19716010987758636 0.08576252311468124 -0.27296966314315796 -0.08901347219944 0.40679240226745605 0.47070881724357605 0.7778366804122925
20.200000762939453 0.20599231123924255 0.08750029653310776 -0.2763651907444 -0.08429928123950958 0.40124091506004333 0.4759804904460907 0.7780372500419617
20.233333587646484 0.21546295285224915 0.08852320909500122 -0.2774510383605957 -0.08476924896240234 0.4019511640071869 0.4816708266735077 0.7741075754165649
20.266666412353516 0.22121237218379974 0.09454993158578873 -0.2857882082462311 -0.08649232238531113 0.4082936942577362 0.486025333404541 0.7678507566452026
20.299999237060547 0.22331738471984863 0.10246346890926361 -0.2934988737106323 -0.08708706498146057 0.42052021622657776 0.4910215139389038 0.7579423785209656
20.33333396911621 0.23330256342887878 0.10294700413942337 -0.2924812436103821 -0.09246058017015457 0.4299051761627197 0.4991797208786011 0.7466272115707397
20.366666793823242 0.237457275390625 0.1067427396774292 -0.310857355594635 -0.08444861322641373 0.420894593000412 0.5085728764533997 0.7463710904121399
20.399999618530273 0.2419569343328476 0.10882014036178589 -0.31926873326301575 -0.07850242406129837 0.4200713336467743 0.516307532787323 0.742161750793457
20.433332443237305 0.24627117812633514 0.1100408211350441 -0.33164459466934204 -0.07704532146453857 0.4310503304004669 0.5270689725875854 0.7283255457878113
