0.0 0.0 0.0 0.0 0.0 0.0 0.0 1.0
0.03333333507180214 -2.5450151497352635e-06 1.8326929421164095e-05 1.0826817742781714e-05 -6.298005246208049e-06 -3.376423592271749e-06 -2.7742253223550506e-05 1.0
0.06666667014360428 3.0532980872521875e-06 1.7596421457710676e-05 2.5585404728190042e-05 -6.893536919960752e-06 -2.157973995053908e-06 -2.6310119210393168e-05 1.0
0.10000000149011612 -8.762130505601817e-07 1.3345028492040001e-05 1.3877459423383698e-05 -4.451555923878914e-06 -1.5493885712203337e-06 -2.483774187567178e-05 1.0
0.13333334028720856 -4.032742708659498e-06 9.421344657312147e-06 2.7820831746794283e-05 -6.629834388149902e-06 4.143569185544038e-06 -1.820758006942924e-05 1.0
0.1666666716337204 -7.462826800974653e-08 2.291216151206754e-05 7.326000286411727e-06 -4.9423283599026036e-06 -7.1608551479585e-06 -3.2737094443291426e-05 1.0
0.20000000298023224 -3.1133029551710933e-05 4.0846847696229815e-05 -2.0138677427894436e-05 -1.1204770089534577e-06 7.506313977501122e-06 -4.3952459236606956e-05 1.0
0.23333333432674408 -9.798002793104388e-06 2.249014505650848e-05 1.0192930858465843e-05 -3.2624363939248724e-06 -1.3381046528593288e-06 -3.238856515963562e-05 1.0
0.2666666805744171 -1.877694194263313e-05 4.793014522874728e-05 -5.6482817853975575e-06 6.72672149448772e-06 4.173153683950659e-06 -3.863582605845295e-05 1.0
0.30000001192092896 -2.564019087003544e-05 4.6688506699865684e-05 -1.1334369446558412e-05 4.1785342546063475e-06 9.03615182323847e-06 -3.399583511054516e-05 1.0
0.3333333432674408 -2.589866198832169e-06 1.0419552381790709e-05 1.3182836482883431e-05 -8.718083336134441e-06 -2.935094016720541e-06 -2.6016106858151034e-05 1.0
0.36666667461395264 -3.117073674729909e-06 1.457773305446608e-05 8.817562957119662e-06 -1.021120715449797e-05 -2.38727920987003e-06 -2.945578671642579e-05 1.0
0.4000000059604645 -3.878115603583865e-05 8.913474448490888e-05 -3.77678225049749e-05 2.325782952539157e-05 1.05521557998145e-05 -6.295511411735788e-05 1.0
0.4333333373069763 -2.064117325062398e-05 2.521053102100268e-05 -1.244684881385183e-05 -3.936898792744614e-06 3.7779875583510147e-06 -3.5758283047471195e-05 1.0
0.46666666865348816 -8.429861736658495e-06 6.232313808141043e-06 2.2211768737179227e-05 -1.0472533176653087e-05 8.378628990612924e-07 -2.4789680537651293e-05 1.0
0.5 -4.4857963075628504e-05 7.759327854728326e-05 -2.6154120860155672e-05 1.86497563845478e-05 1.5579764294670895e-05 -5.9275309467921034e-05 1.0
0.5333333611488342 -2.555422906880267e-05 3.6051082133781165e-05 -1.770440758264158e-05 8.043797379286843e-07 5.923192020418355e-06 -3.4233486076118425e-05 1.0
0.5666666626930237 -3.6808502045460045e-05 6.34288226137869e-05 -2.5646471840445884e-05 1.7225576812052168e-05 1.3662118362844922e-05 -4.245391392032616e-05 1.0
0.6000000238418579 1.4465141475739074e-06 1.5481517039006576e-05 2.865921487682499e-05 -4.128452928853221e-06 -5.193211563891964e-06 -2.9353610443649814e-05 1.0
0.6333333253860474 -2.5344686946482398e-05 4.3148156692041084e-05 -9.360003787151072e-06 4.554837687464897e-06 9.058840078068897e-06 -3.025855949090328e-05 1.0
0.6666666865348816 -1.4624139112129342e-05 2.447448241582606e-05 9.456400675844634e-07 -3.6803396596951643e-06 4.66944675281411e-06 -3.689503500936553e-05 1.0
0.699999988079071 8.757255272939801e-06 2.580782165750861e-05 1.837213130784221e-05 2.7622336347121745e-06 -9.34392028284492e-06 -3.105253563262522e-05 1.0
0.7333333492279053 -5.199399311095476e-05 5.694634819519706e-05 -4.5100950956111774e-05 2.1988887510815402e-06 1.3525622307497542e-05 -4.284198803361505e-05 1.0
0.7666666507720947 -1.1996062312391587e-05 3.119975735899061e-05 6.346880581986625e-06 3.5539806049200706e-06 5.246389719104627e-06 -3.046166784770321e-05 1.0
0.800000011920929 -3.998441752628423e-05 4.468071347218938e-05 -3.083925912505947e-05 -2.36462551583827e-06 1.433532997907605e-05 -3.747704977286048e-05 1.0
0.8333333134651184 3.589795142033836e-06 1.1560530765564181e-05 8.606683877587784e-06 -1.2633614460355602e-05 -1.0526830919843633e-05 -2.7318697902956046e-05 1.0
0.8666666746139526 -2.7595660867518745e-05 3.774344804696739e-05 -1.78254322236171e-05 9.012309192257817e-07 9.587458407622762e-06 -3.665161784738302e-05 1.0
0.8999999761581421 -3.0394330678973347e-05 4.382786210044287e-05 -1.3625527572003193e-05 8.492047527397517e-06 1.0307929187547415e-05 -3.634084350778721e-05 1.0
0.9333333373069763 -6.302836845861748e-05 5.392114690039307e-05 -4.495964094530791e-05 4.670665475714486e-06 2.716452581807971e-05 -3.7352092476794496e-05 1.0
0.9666666388511658 -3.074285632465035e-05 6.091648174333386e-05 -1.9243641872890294e-05 1.710301876300946e-05 1.2677718586928677e-05 -2.9407256079139188e-05 1.0
1.0 2.7944438443228137e-06 2.0428346033440903e-05 1.7145866877399385e-05 -1.9168442122463603e-06 -2.2279214135778602e-06 -2.4592995032435283e-05 1.0
1.0333333015441895 -3.2255935366265476e-05 4.502350930124521e-05 -2.9858460038667545e-05 4.3845238906214945e-06 1.0374585144745652e-05 -4.220296978019178e-05 1.0
1.0666667222976685 -8.07722426543478e-06 2.3189526473288424e-05 1.5900603102636524e-05 -1.2557792672396317e-07 3.36017774316133e-06 -3.016180380654987e-05 1.0
1.100000023841858 -2.2283279577095527e-06 2.116303949151188e-05 5.360423074307619e-07 -6.674763426417485e-06 -5.116807642480126e-06 -3.649641075753607e-05 1.0
1.1333333253860474 -8.624466317996848e-06 3.38196950906422e-05 1.8663598666535108e-07 2.030335963354446e-06 -1.2803538993466645e-06 -3.019881660293322e-05 1.0
1.1666666269302368 -3.336904774187133e-05 4.8629804950905964e-05 -2.028881681326311e-05 6.573123755515553e-06 9.720298294269014e-06 -5.161494482308626e-05 1.0
1.2000000476837158 -1.1805225767602678e-05 3.3898129913723096e-05 6.905104328325251e-07 -8.209990483010188e-07 2.280060698467423e-06 -3.3846892620204017e-05 1.0
1.2333333492279053 -7.595079750899458e-06 2.0310410036472604e-05 1.4300811926659662e-05 -5.291838988341624e-06 2.0824231796723325e-06 -2.9650307624251582e-05 1.0
1.2666666507720947 -4.146110586589202e-05 4.998958684154786e-05 -2.2972040824242868e-05 -7.113271180969605e-07 1.609900573384948e-05 -4.8069749027490616e-05 1.0
1.2999999523162842 -6.207621481735259e-05 6.885454058647156e-05 -2.287191091454588e-05 2.313726145075634e-05 2.084654443024192e-05 -4.1386272641830146e-05 1.0
1.3333333730697632 -4.241189526510425e-05 7.517611811636016e-05 -4.416509182192385e-05 1.5642503058188595e-05 1.0332551937608514e-05 -5.304877777234651e-05 1.0
1.3666666746139526 -1.2705964763881639e-05 1.8940654626931064e-05 1.185046676255297e-05 -6.406554803106701e-06 3.9799147089070175e-06 -2.92414133582497e-05 1.0
1.399999976158142 -2.673776407391415e-06 1.7037022189470008e-05 5.196930942474864e-06 -9.206735740008298e-06 -3.5650477911985945e-06 -2.654270974744577e-05 1.0
1.4333332777023315 -1.7525791918160394e-05 4.380733662401326e-05 2.56501294870759e-07 6.946672328922432e-06 5.325046913640108e-06 -3.370233389432542e-05 1.0
1.4666666984558105 -2.1011603166698478e-05 4.2896961531369016e-05 -1.4357400687003974e-05 3.99303326048539e-06 1.6650624274916481e-06 -4.15974973293487e-05 1.0
1.5 -3.161906533932779e-06 2.7928172130486928e-05 6.1377959355013445e-06 -1.262801106349798e-06 -3.6670733152277535e-06 -3.98741067328956e-05 1.0
1.5333333015441895 -0.00010938090417766944 0.00011753169383155182 -8.975050150183961e-05 4.90071288368199e-05 2.4504915927536786e-05 -9.64235732681118e-05 1.0
1.5666667222976685 -3.651786391856149e-05 5.429097291198559e-05 -1.7405212929588743e-05 1.0770227163447998e-05 9.645859790907707e-06 -4.4654065277427435e-05 1.0
1.600000023841858 -5.612788663711399e-05 8.146592881530523e-05 -4.796315261046402e-05 2.1575393475359306e-05 2.3756565497023985e-05 -4.526977863861248e-05 1.0
1.6333333253860474 -2.230555946880486e-05 4.232251376379281e-05 -9.538232006889302e-06 5.510902155947406e-06 3.434793597989483e-06 -4.0097347664413974e-05 1.0
1.6666666269302368 -1.434072146366816e-05 3.404159360798076e-05 3.427971478231484e-06 3.1633933303965023e-06 4.1877265175571665e-06 -3.740876854863018e-05 1.0
1.7000000476837158 -3.2958090741885826e-05 4.707422340288758e-05 -1.983239417313598e-05 4.742882538266713e-06 1.0459129043738358e-05 -3.342179843457416e-05 1.0
1.7333333492279053 -9.633684385335073e-06 2.787099037959706e-05 1.1491972600197187e-06 2.6302002424927196e-06 1.9395774870645255e-06 -2.8791431759600528e-05 1.0
1.7666666507720947 -3.383506918908097e-05 5.155810504220426e-05 -2.9505190468626097e-05 5.598674306384055e-06 7.651419764442835e-06 -5.3027884860057384e-05 1.0
1.7999999523162842 -6.28781272098422e-05 5.89881201449316e-05 -3.9895614463603124e-05 1.0851819752133451e-05 2.1290241420501843e-05 -3.843326703645289e-05 1.0
1.8333333730697632 -7.473026198567823e-05 9.103772026719525e-05 -6.771356129320338e-05 2.630244671308901e-05 2.8591486625373363e-05 -5.8013334637507796e-05 1.0
1.8666666746139526 -4.1073937609326094e-05 5.2867730119032785e-05 -2.587113885965664e-05 1.314004202868091e-05 1.723701279843226e-05 -3.938018562621437e-05 1.0
1.899999976158142 -3.110911347903311e-05 3.6948589695384726e-05 -2.526028583815787e-05 9.683444091024285e-08 7.0530245466216e-06 -3.893053508363664e-05 1.0
1.9333332777023315 -1.4572896361642051e-05 2.833846338035073e-05 -8.91157742444193e-06 1.3215126273280475e-06 2.594503484942834e-06 -3.086305514443666e-05 1.0
1.9666666984558105 -4.394858842715621e-05 6.063354521756992e-05 -2.939267324109096e-05 1.2892433005617931e-05 1.4193475180945825e-05 -3.809638292295858e-05 1.0
2.0 -4.931058811052935e-06 2.0144716472714208e-05 1.0029323675553314e-05 -3.843044396489859e-06 -4.093287316209171e-06 -2.6312662157579325e-05 1.0
2.0333333015441895 -4.455290309124393e-06 -1.9498208985169185e-06 2.2135614926810376e-05 -1.5747480574646033e-05 -5.380520633480046e-06 -1.2234602763783187e-05 1.0
2.066666603088379 -4.580966560752131e-05 4.0011847886489704e-05 -3.3615917345741764e-05 6.580081844731467e-06 2.019521707552485e-05 -2.4195871446863748e-05 1.0
2.0999999046325684 -1.784764936019201e-05 3.899159491993487e-05 -5.063612206868129e-06 1.0205130820395425e-06 3.1211593523039483e-06 -4.482268923311494e-05 1.0
2.133333444595337 -2.8830116207245737e-05 4.650625487556681e-05 -1.3625097381009255e-05 1.2820651136280503e-05 1.0331102203053888e-05 -3.160846245009452e-05 1.0
2.1666667461395264 -1.2107799193472601e-05 1.7312904674327e-05 5.210154995438643e-06 -3.4125337151635904e-06 4.867260031460319e-06 -2.1852560166735202e-05 1.0
2.200000047683716 -3.425782415433787e-05 5.893267007195391e-05 -1.588385202921927e-05 1.7444508557673544e-05 1.467564197810134e-05 -2.9025144613115117e-05 1.0
2.2333333492279053 -8.140925638144836e-05 6.158311589388177e-05 -4.263340088073164e-05 3.0036479074624367e-05 3.123177884845063e-05 -6.764756835764274e-05 1.0
2.2666666507720947 -4.51982268714346e-05 5.849292574566789e-05 -3.146095332340337e-05 1.6122308807098307e-05 1.447410431865137e-05 -4.6872464736225083e-05 1.0
2.299999952316284 -1.3999614566273522e-05 4.6226600716181565e-06 8.012839884941059e-07 -1.4472889233729802e-05 1.560824784974102e-06 -2.4519822545698844e-05 1.0
2.3333332538604736 -1.2391736163408495e-05 1.15002640086459e-05 8.295111001643818e-06 -7.072572770994157e-06 6.0353436310833786e-06 -2.3839111236156896e-05 1.0
2.366666555404663 -2.90455009235302e-05 4.4792490371037275e-05 1.0188041414949112e-06 1.5389317923109047e-05 1.2169216461188626e-05 -2.6309511667932384e-05 1.0
2.4000000953674316 -5.160124783287756e-05 7.611504406668246e-05 -4.431968409335241e-05 1.2324107956374064e-05 1.6461097402498126e-05 -4.6535180445061997e-05 1.0
2.433333396911621 -5.313630390446633e-05 5.612726090475917e-05 -3.8148893509060144e-05 1.7984471924137324e-05 1.8787852241075598e-05 -4.85589298477862e-05 1.0
2.4666666984558105 -1.75690911419224e-05 3.913364344043657e-05 -1.6189816960832104e-05 3.315166395623237e-06 5.6086496442731e-06 -2.8759939596056938e-05 1.0
2.5 -9.9380429219309e-07 3.4651937312446535e-05 1.3441898772725835e-05 7.148655186028918e-06 -3.0655535283585778e-06 -3.4910761314677075e-05 1.0
2.5333333015441895 -7.192930752353277e-06 1.7415120964869857e-05 1.5983832781785168e-05 -4.49525578005705e-06 4.7091548367461655e-06 -2.7378082450013608e-05 1.0
2.566666603088379 -1.3365991435421165e-05 3.815838135778904e-05 4.279753284208709e-06 -3.8430141557910247e-07 2.64530035565258e-06 -3.7846999475732446e-05 1.0
2.5999999046325684 -2.76091554951563e-06 2.2372025341610424e-05 2.0956933440174907e-05 -2.1537060490572912e-07 -2.0859924916294403e-06 -2.954549745481927e-05 1.0
2.633333444595337 -4.384067506180145e-05 5.829239307786338e-05 -2.6953484848490916e-05 1.3618081538879778e-05 1.4700392057420686e-05 -4.872190038440749e-05 1.0
2.6666667461395264 -1.169252300314838e-05 3.7908743252046406e-05 -2.998072886839509e-06 3.353774673087173e-06 4.485620138439117e-06 -3.9047688915161416e-05 1.0
2.700000047683716 -2.374474388489034e-05 2.7645235604722984e-05 -3.910409759555478e-06 5.365708943827485e-07 9.891859917843249e-06 -3.131270932499319e-05 1.0
2.7333333492279053 -1.0770088920253329e-05 1.3975307410873938e-05 6.179740807965572e-07 -6.915361609571846e-06 1.3344861145014875e-06 -2.805448093567975e-05 1.0
2.7666666507720947 -2.588400457170792e-05 5.089092519483529e-05 -1.8531864043325186e-05 1.1542175343493e-05 7.063498287607217e-06 -4.607906885212287e-05 1.0
2.799999952316284 -2.0558383766910993e-05 3.1780218705534935e-05 -1.3205146387917921e-05 -3.935871063731611e-06 4.743246790894773e-06 -4.2920866690110415e-05 1.0
2.8333332538604736 -1.1647181963780895e-05 2.707798921619542e-05 8.487840204907116e-06 -1.945432586580864e-06 3.5786288208328187e-06 -3.2531661418033764e-05 1.0
2.866666555404663 -2.0612224034266546e-05 3.732380355359055e-05 -5.938125468674116e-06 4.622582309821155e-06 9.01901330507826e-06 -3.04595068882918e-05 1.0
2.9000000953674316 -1.5102867109817453e-05 2.2447005903813988e-05 -1.3320836842467543e-06 -5.9920544117630925e-06 3.176766767865047e-06 -3.8458067137980834e-05 1.0
2.933333396911621 -8.929478099162225e-06 8.117943252727855e-06 -1.938494278874714e-06 -1.3210452380008064e-05 1.5108383877304732e-06 -2.418284748273436e-05 1.0
2.9666666984558105 -4.617687955033034e-05 3.614946763264015e-05 -4.031234857393429e-05 -1.128401345340535e-05 4.6065906644798815e-07 -3.884630132233724e-05 1.0
3.0 -5.8351301959191915e-06 -4.939922291669063e-06 -2.7575331387197366e-06 -2.6992995117325336e-05 -6.410789865185507e-06 -2.1532634491450153e-05 1.0
3.0333333015441895 -5.670484881648008e-08 1.167597383755492e-05 1.3877911442250479e-05 -9.785882866708562e-06 -8.166209681803593e-07 -2.6867470296565443e-05 1.0
3.066666603088379 -1.4372733858181164e-05 3.4937089367304e-05 2.239353761979146e-06 2.3708599883320858e-07 2.6948830509354593e-06 -4.3996442400384694e-05 1.0
3.0999999046325684 -2.9028020435362123e-05 3.781665145652369e-05 -1.666653224674519e-05 2.351581088078092e-06 1.0075767022499349e-05 -3.8670419598929584e-05 1.0
3.133333444595337 -4.128369255340658e-05 6.809161277487874e-05 -3.0283601518021896e-05 1.9917728423024528e-05 1.1419746442697942e-05 -5.141676592756994e-05 1.0
3.1666667461395264 -8.09750872576842e-06 1.4337624634208623e-05 -4.660204808715207e-07 -1.1981251191173214e-05 8.048695576690079e-07 -3.41829945682548e-05 1.0
3.200000047683716 -3.081007525906898e-05 3.931096216547303e-05 -3.0100954973022453e-05 -6.091014626008473e-08 8.329609045176767e-06 -4.06388207920827e-05 1.0
3.2333333492279053 -5.08282428199891e-05 5.77550963498652e-05 -4.267384429113008e-05 9.571213922754396e-06 1.67418438650202e-05 -4.32300366810523e-05 1.0
3.2666666507720947 -1.2651281394937541e-05 2.886994661821518e-05 8.865637028065976e-06 1.2783415286321542e-06 3.8894704630365595e-06 -3.53544601239264e-05 1.0
3.299999952316284 -2.4945355107774958e-05 3.54442854586523e-05 -1.986412280530203e-05 4.2163123907812405e-06 6.844953077234095e-06 -3.4148011764045805e-05 1.0
3.3333332538604736 -1.1388507346055121e-06 1.092239108402282e-05 1.4926133189874236e-05 -8.282408998638857e-06 -8.448875519206922e-07 -1.9647071894723922e-05 1.0
3.366666555404663 -6.46581465844065e-05 8.630964293843135e-05 -6.068371294531971e-05 2.171881715185009e-05 2.3506207071477547e-05 -4.658652323996648e-05 1.0
3.4000000953674316 -1.6551261069253087e-05 3.477584687061608e-05 -1.0327167728974018e-05 1.102945475395245e-06 3.2929599456110736e-06 -3.7461133615579456e-05 1.0
3.433333396911621 -0.00010147395369131118 8.525309385731816e-05 -7.930696301627904e-05 2.9733320843661204e-05 2.5457118681515567e-05 -7.934821769595146e-05 1.0
3.4666666984558105 -1.1123762305942364e-05 2.378494718868751e-05 1.369932488159975e-05 1.0571764050837373e-06 3.0566129680664744e-06 -3.460103471297771e-05 1.0
3.5 -8.325088128913194e-05 9.027607302414253e-05 -5.2568215323844925e-05 3.5949920857092366e-05 2.3278193111764267e-05 -7.981963426573202e-05 1.0
3.5333333015441895 -2.537225191190373e-05 6.836785905761644e-05 -2.361480801482685e-05 1.7231115634785965e-05 2.8860108614026103e-06 -5.6205848522949964e-05 1.0
3.566666603088379 -3.531735637807287e-05 6.415783718694001e-05 -1.5034978787298314e-05 1.7075346477213316e-05 9.289077752328012e-06 -5.1196326239733025e-05 1.0
3.5999999046325684 -9.605829109204933e-05 9.2848546046298e-05 -8.361830987269059e-05 2.68806834355928e-05 2.6037221687147394e-05 -9.296356438426301e-05 1.0
3.633333444595337 -1.545497616461944e-05 1.8347878722124733e-05 7.886625894570898e-07 -2.869756144718849e-06 6.101747658249224e-06 -2.448908708174713e-05 1.0
3.6666667461395264 -2.3473107830795925e-06 3.0839102691970766e-05 1.6051200873334892e-05 1.4486298596239067e-06 1.917890983804682e-07 -4.357315629022196e-05 1.0
3.700000047683716 -6.606119131902233e-05 9.819064871408045e-05 -8.181423618225381e-05 1.6657058949931525e-05 1.8254406313644722e-05 -6.935928104212508e-05 1.0
3.7333333492279053 -4.996212010155432e-05 8.544576849089935e-05 -6.038453648216091e-05 9.015358045871835e-06 1.2748902008752339e-05 -6.463913450716063e-05 1.0
3.7666666507720947 2.268538310090662e-06 2.5998491764767095e-05 2.3426002371707e-05 4.749398101466795e-07 -4.27363374910783e-06 -3.3903921575983986e-05 1.0
3.799999952316284 -3.467222268227488e-05 4.9626672989688814e-05 -1.6447584130219184e-05 1.8535152776166797e-05 1.5173076462815516e-05 -3.726098293554969e-05 1.0
3.8333332538604736 -6.786684025428258e-06 2.273866266477853e-05 7.884418664616533e-06 2.564319174780394e-07 -1.2666951079154387e-06 -2.9910426746937446e-05 1.0
3.866666555404663 -5.7377928897039965e-05 9.133620915235952e-05 -6.320076499832794e-05 1.5206614989438094e-05 1.8053100575343706e-05 -6.483642209786922e-05 1.0
3.9000000953674316 -2.0292245608288795e-05 2.6705853088060394e-05 -2.2522041035699658e-05 -1.056962355505675e-05 3.449943619671103e-07 -3.3613439882174134e-05 1.0
3.933333396911621 -4.724696555058472e-05 7.653707143617794e-05 -4.264609015081078e-05 1.2206161954964045e-05 1.3256297279440332e-05 -6.474898691521958e-05 1.0
3.9666666984558105 -3.927146099158563e-05 6.45847903797403e-05 -1.4818965610174928e-05 2.451840555295348e-05 1.5791849364177324e-05 -4.6075463615125045e-05 1.0
4.0 -2.4767319700913504e-05 2.7504789613885805e-05 -3.778907057494507e-06 8.779858035268262e-06 1.0315645340597257e-05 -3.396961619728245e-05 1.0
4.0333333015441895 -1.4439794540521689e-05 3.6867233575321734e-05 -9.84536882242537e-07 4.9493578444526065e-06 3.990460299974075e-06 -3.58276920451317e-05 1.0
4.066666603088379 -2.0608751583495177e-05 3.9823709812480956e-05 -1.1568103218451142e-05 2.4666103399795247e-06 6.057125574443489e-06 -4.163825360592455e-05 1.0
4.099999904632568 -2.9294735213625245e-05 4.241185888531618e-05 -1.576469549036119e-05 5.856783445779001e-06 1.1115897905256134e-05 -3.770797047764063e-05 1.0
4.133333206176758 -1.2509419320849702e-05 3.141980050713755e-05 -4.394355073600309e-06 1.1620855957517051e-06 5.097247139929095e-07 -3.370631020516157e-05 1.0
4.166666507720947 -1.1657491086225491e-05 1.814760616980493e-05 6.8420827119553e-06 -8.928263014240656e-06 4.503041964198928e-06 -3.110198304057121e-05 1.0
4.199999809265137 -2.2649132915830705e-06 2.373462302784901e-05 1.8927594283013605e-05 -1.2073055586370174e-06 -1.3586380873675807e-06 -3.3303302188869566e-05 1.0
4.233333110809326 -4.644137152354233e-05 6.715588096994907e-05 -3.895336340065114e-05 2.1559468223131262e-05 9.790314834390301e-06 -5.146039620740339e-05 1.0
4.266666889190674 4.963298124494031e-06 2.5076176825677976e-05 1.9501296264934354e-05 -3.368609213794116e-06 -5.3232224672683515e-06 -3.2759686291683465e-05 1.0
4.300000190734863 -2.552024307078682e-05 3.860741344396956e-05 -1.5225980860122945e-05 4.262924448994454e-06 6.540202775795478e-06 -3.487080903141759e-05 1.0
4.333333492279053 -3.531368565745652e-05 4.07429070037324e-05 -6.510018920380389e-06 2.0736786154884612e-07 1.041971245285822e-05 -3.8534159102709964e-05 1.0
4.366666793823242 -8.861991227604449e-05 7.879478653194383e-05 -4.721462755696848e-05 3.695501436595805e-05 3.332159394631162e-05 -5.191513628233224e-05 1.0
4.400000095367432 -9.438480446988251e-06 1.4977174032537732e-05 7.750037184450775e-06 -8.065145266300533e-06 1.3282631243782816e-06 -3.1815230613574386e-05 1.0
4.433333396911621 -2.5912938781402772e-06 1.9804734620265663e-05 1.7593343727639876e-05 -4.921731488138903e-06 -1.1193740192538826e-06 -2.4167064111679792e-05 1.0
4.4666666984558105 -4.7798377636354417e-05 5.032302578911185e-05 -2.823538306984119e-05 8.762219295022078e-06 1.7016882338793948e-05 -4.6301258407766e-05 1.0
4.5 -2.1296227714628913e-05 3.9653637941228226e-05 -1.0476502211531624e-05 6.388744964169746e-07 2.603482926133438e-06 -3.491135430522263e-05 1.0
4.5333333015441895 -4.524314499576576e-05 6.124121864559129e-05 -4.1024250094778836e-05 1.2027765478705987e-05 1.3282760846777819e-05 -4.15734903072007e-05 1.0
4.566666603088379 -2.5610183001845144e-05 4.252451617503539e-05 -2.7845500881085172e-05 -1.990232476600795e-06 1.7247622281502117e-06 -4.893418736173771e-05 1.0
4.599999904632568 1.359515977128467e-06 1.6869693354237825e-05 1.1805020221800078e-05 -6.67135464027524e-06 -3.6485230339167174e-06 -3.0306417102110572e-05 1.0
4.633333206176758 -2.6614345188136213e-05 3.4860149753512815e-05 -1.448491821065545e-05 2.5519866539980285e-06 6.925386969669489e-06 -4.2863477574428543e-05 1.0
4.666666507720947 -3.763515633181669e-05 5.140998837305233e-05 -2.197846151830163e-05 6.707503416691907e-06 1.4305050171969924e-05 -4.185099896858446e-05 1.0
4.699999809265137 -6.1965538407093845e-06 3.055891647818498e-05 6.702409336867277e-06 -3.6995334085077047e-06 -1.7065610791178187e-06 -3.9981976442504674e-05 1.0
4.733333110809326 -2.889905772462953e-05 5.378245623433031e-05 -1.8228967746836133e-05 1.029775921779219e-05 1.1384779099898878e-05 -3.488673610263504e-05 1.0
4.766666889190674 -9.758135092852172e-06 3.0945680919103324e-05 2.33325863518985e-06 6.65014749756665e-06 3.1843208034842974e-06 -2.8728896722896025e-05 1.0
4.800000190734863 -2.6420724680065177e-05 4.182594784651883e-05 -3.5621058486867696e-05 -8.598526619607583e-06 -6.093528554629302e-06 -5.812731251353398e-05 1.0
4.833333492279053 -2.313946606591344e-05 3.982002817792818e-05 -1.3734386811847799e-05 2.7107844289275818e-06 7.622640623594634e-06 -3.639956412371248e-05 1.0
4.866666793823242 -2.3470539289860426e-08 1.0410456525278278e-05 2.3241878807311878e-05 -7.105880740709836e-06 -5.135899527886068e-07 -2.6061326934723184e-05 1.0
4.900000095367432 -4.85805758216884e-05 4.929006900056265e-05 -1.6728041373426095e-05 4.940811322740046e-06 1.2535610949271359e-05 -5.222658728598617e-05 1.0
4.933333396911621 -3.995044971816242e-05 3.280499731772579e-05 -2.5078606995521113e-05 -4.441757027962012e-06 1.4616039152315352e-05 -4.588294177665375e-05 1.0
4.9666666984558105 -1.4387944247573614e-05 2.6273599360138178e-05 -2.544462063269748e-07 8.327651812578551e-07 1.6811829937068978e-06 -3.842642763629556e-05 1.0
5.0 -9.237648555426858e-06 2.9768680178676732e-05 3.845541868940927e-06 1.3903481885790825e-06 2.3104810509266827e-07 -3.359879337949678e-05 1.0
5.0333333015441895 -5.525888263946399e-05 8.216606511268765e-05 -5.2078838052693754e-05 1.9057237295783125e-05 1.2780464203387965e-05 -6.412735092453659e-05 1.0
5.066666603088379 -3.564314101822674e-05 4.791323226527311e-05 -2.6277271899743937e-05 1.2891743608633988e-05 9.652378139435314e-06 -4.076836194144562e-05 1.0
5.099999904632568 -3.4502318158047274e-05 2.8503751309472136e-05 -1.8543718397268094e-05 2.747183316387236e-06 1.7255337297683582e-05 -2.0503975974861532e-05 1.0
5.133333206176758 2.9155935408198275e-06 1.8563181583886035e-05 2.049855174846016e-05 -3.842787009489257e-06 -6.296663286775583e-06 -3.089629171881825e-05 1.0
5.166666507720947 -1.8872960936278105e-05 3.742379340110347e-05 -9.79702417680528e-06 9.701934686745517e-06 7.725864634267054e-06 -3.402627044124529e-05 1.0
5.199999809265137 -1.8625602024258114e-05 2.7241683710599318e-05 -2.3341151518252445e-06 -2.0585373476933455e-06 4.564243226923281e-06 -4.450549022294581e-05 1.0
5.233333110809326 -4.2546696931822225e-05 4.5349559513852e-05 -2.4442711946903728e-05 6.652051524724811e-06 1.4397483028005809e-05 -3.847054176731035e-05 1.0
5.266666889190674 -4.965845073456876e-05 6.233719614101574e-05 -3.147973620798439e-05 1.0727569133450743e-05 2.0507737644948065e-05 -5.538999175769277e-05 1.0
5.300000190734863 -2.278230749652721e-05 3.3320891816401854e-05 -8.554236956115346e-06 2.1442401703097858e-06 9.131976185017265e-06 -3.971836849814281e-05 1.0
5.333333492279053 -3.362139977980405e-05 3.690566882141866e-05 -4.4301337766228244e-05 -5.886375674890587e-06 4.707093921751948e-06 -4.409023676998913e-05 1.0
5.366666793823242 -1.0664544447536173e-07 1.718611383694224e-05 4.307479684939608e-06 -4.986340172763448e-06 -4.503022864810191e-06 -2.419786324026063e-05 1.0
5.400000095367432 -2.571338518464472e-05 4.413254646351561e-05 -7.3316573434567545e-06 4.242103841534117e-06 5.88732609685394e-06 -3.9723614463582635e-05 1.0
5.433333396911621 -4.5598608267027885e-05 5.331687134457752e-05 -2.7273676096228883e-05 1.2296863133087754e-05 1.6642226910335012e-05 -3.0249404517235234e-05 1.0
5.4666666984558105 -2.2610041924053803e-05 6.509755621664226e-05 -1.6382271496695466e-05 1.6776513803051785e-05 6.766204933228437e-06 -5.575237810262479e-05 1.0
5.5 -2.169252729800064e-05 3.9008926250971854e-05 -8.551489258934453e-07 6.247849171359121e-08 8.882899237505626e-06 -3.6557845305651426e-05 1.0
5.5333333015441895 -3.815049785771407e-05 4.0922539483290166e-05 -2.4800683604553342e-05 4.337978680268861e-06 1.6631543985567987e-05 -2.3885917471488938e-05 1.0
5.566666603088379 -2.8508646209957078e-05 4.8555000830674544e-05 -2.0517603843472898e-05 1.2374029211059678e-05 9.742720067151822e-06 -3.455653495620936e-05 1.0
5.599999904632568 -2.469147148076445e-05 5.738448089687154e-05 -1.9862662156810984e-05 1.7135904272436164e-05 8.10492110758787e-06 -3.7661455280613154e-05 1.0
5.633333206176758 -5.5264870752580464e-05 8.240977331297472e-05 -3.280583769083023e-05 1.534387411084026e-05 1.7104597645811737e-05 -7.31934342184104e-05 1.0
5.666666507720947 -2.0026609490741976e-05 2.491787563485559e-05 2.7931375825573923e-06 -1.224206334882183e-05 6.426961590477731e-06 -3.953983832616359e-05 1.0
5.699999809265137 -4.873530997429043e-05 3.715746061061509e-05 -3.128639218630269e-05 1.0200391443504486e-05 1.9996385162812658e-05 -3.373047729837708e-05 1.0
5.733333110809326 -3.164671215927228e-05 5.59345462534111e-05 -2.262893394799903e-05 2.1909410861553624e-05 8.31771922094049e-06 -4.292946687201038e-05 1.0
5.766666889190674 -3.803204162977636e-05 5.2198160119587556e-05 -3.030840707651805e-05 2.191841758758528e-06 1.4477727745543234e-05 -5.341697396943346e-05 1.0
5.800000190734863 -4.08142659580335e-05 7.234260556288064e-05 -2.516809217922855e-05 1.2532475011539645e-05 1.715813959890511e-05 -4.6229786676121876e-05 1.0
5.833333492279053 -3.5948689856013516e-06 2.1137539079063572e-05 2.053440994131961e-06 -3.892221229762072e-06 -2.769498621546518e-07 -3.5200431739212945e-05 1.0
5.866666793823242 2.7615856197371613e-06 4.32353735959623e-05 1.665821037022397e-05 1.379224795527989e-05 -4.803651791007724e-06 -4.367823203210719e-05 1.0
5.900000095367432 -8.16570536699146e-06 1.6070020137703978e-05 2.100876190525014e-05 1.6000141158656334e-06 9.816727470024489e-06 -2.3751703338348307e-05 1.0
5.933333396911621 -4.705004903371446e-05 4.995772542315535e-05 -2.1593492419924587e-05 1.5185532902250998e-05 2.0689347365987487e-05 -4.212656494928524e-05 1.0
5.9666666984558105 -2.837956890289206e-05 3.713494152179919e-05 -1.1288372661510948e-05 -9.352370398119092e-07 1.330122358922381e-05 -3.7380064895842224e-05 1.0
6.0 2.97530186799122e-06 2.3795948436600156e-05 2.0978724933229387e-05 2.3169416181190172e-06 -3.4465829230612144e-06 -2.4903387384256348e-05 1.0
6.0333333015441895 -2.7049691198044457e-05 5.4530817578779534e-05 -3.055045090150088e-05 1.1727664968930185e-05 4.568829808704322e-06 -4.9549489631317556e-05 1.0
6.066666603088379 -3.016219852725044e-05 5.877890362171456e-05 -2.1797641238663346e-05 1.6705987945897505e-05 1.1962379176111426e-05 -3.450814983807504e-05 1.0
6.099999904632568 -2.8854163247160614e-05 5.772279837401584e-05 -1.2528789739008062e-05 1.2509992302511819e-05 1.0039368135039695e-05 -4.483614247874357e-05 1.0
6.133333206176758 -1.6411771866842173e-05 1.883940421976149e-05 -4.970422196493018e-06 -5.969018729956588e-06 3.8098241930129007e-06 -2.949329609691631e-05 1.0
6.166666507720947 -3.161147469654679e-05 4.4496264308691025e-05 -1.7264348571188748e-05 4.487767000682652e-06 1.1570868991839234e-05 -4.296879706089385e-05 1.0
6.199999809265137 -9.95649770629825e-06 3.415110404603183e-05 4.11417067880393e-06 1.9101794350717682e-06 -3.1750978450872935e-06 -4.344416447565891e-05 1.0
6.233333110809326 -2.2180085579748265e-05 3.568582178559154e-05 -1.0588447366899345e-05 -6.392700925061945e-06 3.9203555388667155e-06 -3.52742281393148e-05 1.0
6.266666889190674 -0.00012466870248317719 0.00011035323404939845 -0.00012160972255514935 3.4643504477571696e-05 4.3630327127175406e-05 -8.476753282593563e-05 1.0
6.300000190734863 -3.9749418647261336e-05 5.3125564591027796e-05 -3.116284642601386e-05 9.104647688218392e-06 1.4178102901496459e-05 -3.83243641408626e-05 1.0
6.333333492279053 -2.2197731595952064e-05 4.888739204034209e-05 -8.52058110467624e-06 1.0107739399245474e-05 8.87260557647096e-06 -3.538175587891601e-05 1.0
6.366666793823242 -3.8119951568660326e-06 9.497613973508123e-06 8.929419891501311e-06 -1.0293025297869463e-05 -1.34399056150869e-06 -2.2015585273038596e-05 1.0
6.400000095367432 -1.7055268472176977e-05 3.3382733818143606e-05 -4.3099807953694835e-06 4.290749075153144e-06 6.4932200984912924e-06 -3.107597876805812e-05 1.0
6.433333396911621 -3.488665970508009e-05 4.753920075017959e-05 -2.2781541701988317e-05 1.8511662347009405e-05 1.054612312145764e-05 -4.0138238546205685e-05 1.0
6.4666666984558105 4.059376806253567e-06 1.677664477028884e-05 1.2984934073756449e-05 -9.113470696320292e-06 -1.1338936019456014e-05 -3.130108234472573e-05 1.0
6.5 -1.996427727135597e-06 1.2456263903004583e-05 1.0328270036552567e-05 -1.4667864888906479e-05 -4.221225026412867e-06 -3.0553095712093636e-05 1.0
6.5333333015441895 2.9773318601655774e-06 1.2223229532537516e-05 2.337908517802134e-05 -4.562172307487344e-06 -3.935484528483357e-06 -2.256982770632021e-05 1.0
6.566666603088379 4.054833425470861e-06 1.6051495549618267e-05 1.4120098057901487e-05 -3.4671481898840284e-06 -3.585050535548362e-06 -2.4479450075887144e-05 1.0
6.599999904632568 -1.2830187188228592e-05 1.8961185560328886e-05 -8.590191100665834e-06 -4.685617568611633e-06 1.0568410289124586e-06 -2.4399694666499272e-05 1.0
6.633333206176758 -1.8417986211716197e-05 2.9909153454354964e-05 -5.101509259475279e-07 -7.774543746563722e-07 5.330552994564641e-06 -3.840697536361404e-05 1.0
6.666666507720947 -6.999597098911181e-05 7.557404751423746e-05 -6.132681301096454e-05 1.3563533684646245e-05 3.205877510481514e-05 -3.4548786061350256e-05 1.0
6.699999809265137 3.8149237298057415e-06 2.5901248591253534e-05 2.9086579161230475e-05 4.920388619211735e-06 -3.400779860385228e-06 -2.2743088265997358e-05 1.0
6.733333110809326 -1.5982508557499386e-05 1.1051072760892566e-05 -1.1827586604340468e-05 -9.93454614217626e-06 3.081145450778422e-06 -1.8084227122017182e-05 1.0
6.766666889190674 -1.3149520782462787e-05 3.24007123708725e-05 -3.0143974072416313e-06 3.2456734970764956e-06 5.017526746087242e-06 -3.052946340176277e-05 1.0
6.800000190734863 -2.6828405680134892e-05 5.054818029748276e-05 -3.348927202750929e-05 1.0335816114093177e-06 -1.1310103218420409e-06 -4.814617204829119e-05 1.0
6.833333492279053 -1.0633396414050367e-05 1.1705394172167871e-05 -3.182210775776184e-06 -8.977374818641692e-06 7.684011507080868e-07 -2.034788667515386e-05 1.0
6.866666793823242 -4.710409484687261e-05 5.389278521761298e-05 -2.4258204575744458e-05 1.513065944891423e-05 1.3168817531550303e-05 -5.839396908413619e-05 1.0
6.900000095367432 -0.00010614931670716032 0.00010278331319568679 -0.00011068715684814379 1.2669237548834644e-05 3.181285137543455e-05 -9.476356353843585e-05 1.0
6.933333396911621 -4.468128099688329e-05 5.483646964421496e-05 -4.281129804439843e-05 5.137108473718399e-06 1.50923233377398e-05 -4.804589843843132e-05 1.0
6.9666666984558105 -4.0001696106628515e-06 2.5566610929672606e-05 7.489509698643815e-06 7.554604053439107e-06 -6.657398330389697e-07 -2.798381137836259e-05 1.0
7.0 -3.044194272661116e-05 3.9867267332738265e-05 -8.257007721113041e-06 1.1295918739051558e-05 1.3576449418906122e-05 -2.8293676223256625e-05 1.0
7.0333333015441895 -6.933925078556058e-07 3.476082201814279e-05 -1.8963175534736365e-05 -7.95563721567305e-07 -1.3128252248861827e-05 -4.054322198498994e-05 1.0
7.066666603088379 -3.746746006072499e-05 4.7496421757387e-05 -3.4361302823526785e-05 3.7707297906308668e-06 1.315935605816776e-05 -4.0668743167771026e-05 1.0
7.099999904632568 -1.6334737665602006e-05 5.294214861351065e-05 -1.5131539839785546e-05 1.2228764717292506e-05 4.211864052194869e-06 -4.230456761433743e-05 1.0
7.133333206176758 -5.154723839950748e-05 6.742223195033148e-05 -2.6049932785099372e-05 2.768491867755074e-05 1.84299406100763e-05 -5.072736166766845e-05 1.0
7.166666507720947 -4.132706453674473e-05 4.721461300505325e-05 -1.6744035747251473e-05 1.8102202375303023e-05 1.9388859072932974e-05 -4.2099101847270504e-05 1.0
7.199999809265137 -4.771837666339707e-06 1.4930007637303788e-05 1.3658462194143794e-05 -1.3007966117584147e-06 2.0802015114895767e-06 -1.9164212062605657e-05 1.0
7.233333110809326 -1.9617642465163954e-05 3.8116446376079693e-05 -4.7766766329004895e-06 5.629350198432803e-06 6.316111466730945e-06 -3.5331500839674845e-05 1.0
7.266666889190674 -4.5713318286288995e-06 2.4057371774688363e-05 9.507144568488002e-06 1.2394296788897918e-07 1.0377251555837574e-06 -3.1500767363468185e-05 1.0
7.300000190734863 -5.293957201502053e-06 1.2654910278797615e-05 1.3535841389966663e-05 -2.148388830391923e-06 2.1945670596323907e-06 -1.7217573258676566e-05 1.0
7.333333492279053 -3.045498306164518e-05 5.163294918020256e-05 -2.1222553186817095e-05 1.4087069757806603e-05 1.1440400157880504e-05 -3.7851517845410854e-05 1.0
7.366666793823242 -2.3319527826970443e-05 3.0927130865165964e-05 3.609642817536951e-06 -1.2647322364500724e-05 5.829464498674497e-06 -3.644554453785531e-05 1.0
7.400000095367432 2.2610605299178133e-07 1.6201609469135292e-05 1.6887699530343525e-05 -4.663128038373543e-06 1.5315827113226987e-06 -2.2283433281700127e-05 1.0
7.433333396911621 4.32721026299987e-06 -9.71365011537273e-07 7.84829262556741e-06 -2.1940159058431163e-05 -7.926078978925943e-06 -1.365307343803579e-05 1.0
7.4666666984558105 -2.4865084924385883e-05 4.535719199338928e-05 -8.275625987153035e-06 1.4885560631228145e-05 1.4243412806536071e-05 -1.7919610399985686e-05 1.0
7.5 1.1094574801973067e-05 -9.14785596251022e-06 1.863845500338357e-05 -2.1753061446361244e-05 -5.758611223427579e-06 1.1858919606311247e-06 1.0
7.5333333015441895 -7.135750820452813e-06 1.2574028005474247e-05 9.624871381674893e-06 -4.439646545506548e-06 2.2280571556621e-06 -2.5031335098901764e-05 1.0
7.566666603088379 -8.933860954130068e-06 1.709685238893144e-05 9.417050023330376e-06 -5.624627647193847e-06 2.6901548153546173e-06 -3.184667002642527e-05 1.0
7.599999904632568 -2.4233184376498684e-05 3.392377038835548e-05 -2.0940928152413107e-05 -6.421380021492951e-06 1.2099844752810895e-06 -3.494075281196274e-05 1.0
7.633333206176758 -3.4294569672965736e-07 1.9786550183198415e-05 1.1439089576015249e-05 -5.252109986031428e-06 -3.433052143009263e-06 -2.2633690605289303e-05 1.0
7.666666507720947 2.406020757916849e-05 -1.2694830729742534e-05 3.947813456761651e-05 -3.627283149398863e-05 -1.43224278872367e-05 -9.037371455633547e-06 1.0
7.699999809265137 1.9749963030335493e-05 -3.2977204682538286e-05 4.9637343181530014e-05 -4.7899600758682936e-05 -5.5461223382735625e-06 1.0775364899018314e-05 1.0
7.733333110809326 2.325607965758536e-05 -3.568295869627036e-05 2.3708704247837886e-05 -4.441340934135951e-05 -1.3751953702012543e-05 2.2342017473420128e-05 1.0
7.766666889190674 2.0833818780374713e-05 -6.280334218899952e-06 2.9006620025029406e-05 -2.0218658391968347e-05 -1.0937204024230596e-05 4.674691354011884e-06 1.0
7.800000190734863 4.035819074488245e-05 -4.890803757007234e-05 4.154531779931858e-05 -7.473411824321374e-05 -1.863376201072242e-05 4.495542452787049e-05 1.0
7.833333492279053 5.8155083024757914e-06 4.0380477912549395e-06 2.377563578193076e-05 -3.874791946145706e-05 -5.277004220261006e-06 4.130386344058934e-07 1.0
7.866666793823242 7.756900231470354e-06 -6.507297712232685e-06 1.8073069441015832e-05 -2.2162479581311345e-05 -7.715537321928423e-06 -5.481653261085739e-06 1.0
7.900000095367432 -4.6012596612854395e-06 3.464163455646485e-05 -5.584956852544565e-06 2.1889476556680165e-05 -1.3851361018168973e-06 -2.0810053683817387e-05 1.0
7.933333396911621 -7.08553761796793e-06 2.7179255994269624e-05 1.6381885359351145e-07 5.82200709686731e-06 2.315510698736034e-07 -2.34047638514312e-05 1.0
7.9666666984558105 -1.4968514733482152e-05 1.8989045202033594e-05 -5.883800326955679e-07 -7.476855898858048e-06 4.503308446146548e-06 -3.262587415520102e-05 1.0
8.0 2.005941723837168e-06 3.0434226573561318e-05 3.7579802665277384e-06 6.225103334145388e-06 -1.3121510164637584e-05 -4.1605420847190544e-05 1.0
8.033333778381348 -3.1903986382531e-05 7.27601072867401e-05 -5.373622479964979e-05 6.112560367910191e-05 1.859690087258059e-06 -4.997889482183382e-05 1.0
8.066666603088379 -3.32450945279561e-05 6.609406409552321e-05 -4.080224971403368e-05 2.0647154087782837e-05 8.740645171201322e-06 -2.8888320230180398e-05 1.0
8.100000381469727 1.8892607840825804e-05 1.2312956641835626e-05 5.85622874496039e-05 -1.771241659298539e-05 -2.4771392418188043e-05 -1.0033720172941685e-05 1.0
8.133333206176758 -9.550502909405623e-06 5.3662814025301486e-05 2.2873675334267318e-05 4.552712562144734e-05 -1.8837656170944683e-05 -7.212688069557771e-05 1.0
8.166666984558105 1.8527258362155408e-05 -2.352044975850731e-05 -0.0004133655456826091 0.0015621958300471306 -0.0001452014985261485 -0.0004471211286727339 0.9999987483024597
8.199999809265137 -5.4520722187589854e-05 7.703961455263197e-05 -8.881658141035587e-05 0.00011527368042152375 1.69249815371586e-05 -5.30833458469715e-05 1.0
8.233333587646484 0.00014469490270130336 -0.00018731842283159494 0.00010315706458641216 -0.00016857100126799196 -7.806769281160086e-05 0.00015703482495155185 1.0
8.266666412353516 0.0004049305571243167 -0.0008113421499729156 0.00034790480276569724 -0.0007399152382276952 -0.00017894775373861194 0.0006029132637195289 0.9999995827674866
8.300000190734863 -0.0007067150436341763 -0.0019173799082636833 0.00087502266978845 -0.00357034127227962 0.0008690935792401433 0.0005643581389449537 0.999993085861206
8.333333015441895 -0.0037165603134781122 -0.0029641841538250446 0.0003723712870851159 -0.01336577907204628 -1.573542431287933e-05 -0.000682023586705327 0.9999104738235474
8.366666793823242 -0.006482061930000782 -0.004206533078104258 -0.0007516730693168938 -0.02716655656695366 -0.00045144418254494667 -0.0013548461720347404 0.9996299743652344
8.399999618530273 -0.011067204177379608 -0.007020148448646069 -0.0037440876476466656 -0.041842807084321976 0.00016101861547213048 -0.001562288380227983 0.9991230368614197
8.433333396911621 -0.013152159750461578 -0.009419078938663006 -0.009992917999625206 -0.04969311133027077 -0.0026873445603996515 -0.0027881150599569082 0.9987570643424988
8.466666221618652 -0.019109057262539864 -0.013519051484763622 -0.020579906180500984 -0.05084696412086487 -0.004355570767074823 -0.0075166733004152775 0.9986686706542969
8.5 -0.023450959473848343 -0.017706021666526794 -0.031415168195962906 -0.04847162961959839 -0.008010908029973507 -0.010714582167565823 0.9987349510192871
8.533333778381348 -0.029428798705339432 -0.023925606161355972 -0.04562998563051224 -0.04522068798542023 -0.013480332680046558 -0.010162727907299995 0.9988344311714172
8.566666603088379 -0.03455071896314621 -0.030115798115730286 -0.05666707083582878 -0.043812669813632965 -0.015575086697936058 -0.009667566046118736 0.9988715648651123
8.600000381469727 -0.0403679721057415 -0.037826720625162125 -0.06690894812345505 -0.04654445871710777 -0.01616346649825573 -0.009744131937623024 0.9987379312515259
8.633333206176758 -0.04417192563414574 -0.041212428361177444 -0.07306326180696487 -0.05155093967914581 -0.019085820764303207 -0.01252563577145338 0.9984094500541687
8.666666984558105 -0.04840822145342827 -0.04338786005973816 -0.07654237747192383 -0.05882852151989937 -0.024318085983395576 -0.01672576367855072 0.9978317618370056
8.699999809265137 -0.05697992816567421 -0.048647861927747726 -0.07810935378074646 -0.06948170810937881 -0.029343223199248314 -0.020044896751642227 0.9969501495361328
8.733333587646484 -0.06211266666650772 -0.04765109717845917 -0.07480944693088531 -0.08156976848840714 -0.038408659398555756 -0.022582754492759705 0.995671272277832
8.766666412353516 -0.07078681141138077 -0.049279771745204926 -0.06907571107149124 -0.09838906675577164 -0.04155528172850609 -0.025509309023618698 0.9939528107643127
8.800000190734863 -0.07978296279907227 -0.04802998527884483 -0.06342146545648575 -0.11376386880874634 -0.04267461225390434 -0.028745261952280998 0.9921745657920837
8.833333015441895 -0.0912420004606247 -0.048892006278038025 -0.05433642491698265 -0.13202890753746033 -0.04590282589197159 -0.03072226606309414 0.9897057414054871
8.866666793823242 -0.10190252959728241 -0.048744723200798035 -0.04639502987265587 -0.1474316269159317 -0.04818132519721985 -0.033793430775403976 0.9873198866844177
8.899999618530273 -0.10918279737234116 -0.04659644141793251 -0.03585876151919365 -0.15810783207416534 -0.05026650428771973 -0.035651784390211105 0.9854969382286072
8.933333396911621 -0.12205895036458969 -0.0476200208067894 -0.028249165043234825 -0.16641779243946075 -0.05413724109530449 -0.036002520471811295 0.9839096665382385
8.966666221618652 -0.11606871336698532 -0.044568680226802826 -0.01747470162808895 -0.17073075473308563 -0.06496737152338028 -0.03357549384236336 0.9826000928878784
9.0 -0.11831948161125183 -0.0590212345123291 -0.011503136716783047 -0.17736543715000153 -0.0749334990978241 -0.027717016637325287 0.9808965921401978
9.033333778381348 -0.13396073877811432 -0.055287085473537445 -0.006839649751782417 -0.18562795221805573 -0.0770140066742897 -0.027994714677333832 0.9791973829269409
9.066666603088379 -0.14579921960830688 -0.050660938024520874 -0.0007984255789779127 -0.19412145018577576 -0.07613414525985718 -0.031145747750997543 0.9775226712226868
9.100000381469727 -0.15919137001037598 -0.048007506877183914 0.004977027419954538 -0.20051956176757812 -0.07349248230457306 -0.03404422849416733 0.976335883140564
9.133333206176758 -0.16921865940093994 -0.045104578137397766 0.00854124128818512 -0.20266179740428925 -0.0736328661441803 -0.03576499968767166 0.9758213758468628
9.166666984558105 -0.17979522049427032 -0.044096000492572784 0.010548443533480167 -0.2024500072002411 -0.0762104019522667 -0.03707569092512131 0.9756184816360474
9.199999809265137 -0.1880967617034912 -0.04502458497881889 0.011590416543185711 -0.20028585195541382 -0.07810799032449722 -0.03771036118268967 0.9758906960487366
9.233333587646484 -0.19558407366275787 -0.04675767198204994 0.011261725798249245 -0.19666534662246704 -0.07823435962200165 -0.037764109671115875 0.9766145944595337
9.266666412353516 -0.20299342274665833 -0.04984399676322937 0.009115129709243774 -0.19292192161083221 -0.07876404374837875 -0.03792605176568031 0.9773121476173401
9.300000190734863 -0.20945696532726288 -0.05297626554965973 0.007296988740563393 -0.19083507359027863 -0.079232357442379 -0.038985949009656906 0.9776422381401062
9.333333015441895 -0.2205069214105606 -0.055625442415475845 0.006099599413573742 -0.19013860821723938 -0.07772938162088394 -0.041614312678575516 0.9777902364730835
9.366666793823242 -0.22663910686969757 -0.05771106481552124 0.0038021947257220745 -0.1906956136226654 -0.07476826012134552 -0.043211571872234344 0.9778434038162231
9.399999618530273 -0.23125432431697845 -0.05750299617648125 0.0018868515035137534 -0.19117821753025055 -0.07178357988595963 -0.04467864707112312 0.9779068827629089
9.433333396911621 -0.23523885011672974 -0.05891335383057594 0.00019498966867104173 -0.19365127384662628 -0.06987568736076355 -0.04404924437403679 0.9775870442390442
9.466666221618652 -0.23905523121356964 -0.059289608150720596 -0.004970894195139408 -0.18890944123268127 -0.06914200633764267 -0.04073090851306915 0.9787101745605469
9.5 -0.24116010963916779 -0.061716873198747635 -0.01173615176230669 -0.18517406284809113 -0.0669867992401123 -0.038045402616262436 0.9796815514564514
9.533333778381348 -0.24372510612010956 -0.06542286276817322 -0.019392475485801697 -0.1846538931131363 -0.063822440803051 -0.03712465986609459 0.9800263047218323
9.566666603088379 -0.24682803452014923 -0.06660206615924835 -0.025915948674082756 -0.18348143994808197 -0.06050509959459305 -0.036042436957359314 0.9804971218109131
9.600000381469727 -0.24819009006023407 -0.07041522115468979 -0.03198041766881943 -0.18228021264076233 -0.0585823655128479 -0.034280650317668915 0.9809010624885559
9.633333206176758 -0.24873478710651398 -0.07566419988870621 -0.03847413510084152 -0.18035142123699188 -0.05651276931166649 -0.03295878320932388 0.9814241528511047
9.666666984558105 -0.24991177022457123 -0.08332441747188568 -0.045875128358602524 -0.17675566673278809 -0.05414099618792534 -0.031587980687618256 0.9822568297386169
9.699999809265137 -0.2479192167520523 -0.09305466711521149 -0.053477052599191666 -0.17009113729000092 -0.0541236475110054 -0.028562571853399277 0.9835262298583984
9.733333587646484 -0.24677856266498566 -0.10361298173666 -0.061721134930849075 -0.1613762378692627 -0.052629828453063965 -0.02564779855310917 0.9851548671722412
9.766666412353516 -0.24076390266418457 -0.1209505945444107 -0.06790101528167725 -0.1568889617919922 -0.051819171756505966 -0.022160837426781654 0.9860069155693054
9.800000190734863 -0.23472371697425842 -0.13054677844047546 -0.07509996742010117 -0.1495371311903 -0.04910917952656746 -0.020195042714476585 0.987329363822937
9.833333015441895 -0.22926899790763855 -0.14299224317073822 -0.08124550431966782 -0.1443050503730774 -0.04491365700960159 -0.01746889017522335 0.9883590936660767
9.866666793823242 -0.22083669900894165 -0.1596778929233551 -0.08668918162584305 -0.13728617131710052 -0.04453352466225624 -0.012635535560548306 0.9894492030143738
9.899999618530273 -0.21114356815814972 -0.17144246399402618 -0.09294620901346207 -0.12582243978977203 -0.04329496994614601 -0.0070287673734128475 0.9910827279090881
9.933333396911621 -0.20244890451431274 -0.18507419526576996 -0.09899553656578064 -0.11742572486400604 -0.03580032289028168 -0.0009361895499750972 0.9924357533454895
9.966666221618652 -0.1890821009874344 -0.1918025016784668 -0.10313107818365097 -0.11065764725208282 -0.027428576722741127 0.005976880434900522 0.993462085723877
10.0 -0.177740216255188 -0.19950804114341736 -0.10273924469947815 -0.10893385857343674 -0.017644191160798073 0.014033302664756775 0.9937933683395386
10.033333778381348 -0.16461463272571564 -0.21092791855335236 -0.10106462240219116 -0.10943897068500519 -0.006745911668986082 0.02040209248661995 0.9937612414360046
10.066666603088379 -0.1448209285736084 -0.2254437357187271 -0.0987037643790245 -0.1105717197060585 0.0007480793283320963 0.025133740156888962 0.9935500621795654
10.100000381469727 -0.13358870148658752 -0.2363366186618805 -0.09540745615959167 -0.11038641631603241 0.006263413932174444 0.02905210293829441 0.9934443235397339
10.133333206176758 -0.12425646930932999 -0.2463378757238388 -0.08925552666187286 -0.10866063088178635 0.012208116240799427 0.03195187821984291 0.9934902787208557
10.166666984558105 -0.11481009423732758 -0.2536855936050415 -0.08174210041761398 -0.10611362755298615 0.015263396315276623 0.03435863181948662 0.993643045425415
10.199999809265137 -0.10870625823736191 -0.25886449217796326 -0.07263641804456711 -0.10364265739917755 0.016548452898859978 0.03716084733605385 0.9937824606895447
10.233333587646484 -0.10097445547580719 -0.26452845335006714 -0.06085604056715965 -0.10309003293514252 0.01899697259068489 0.03982127085328102 0.9936930537223816
10.266666412353516 -0.09327615797519684 -0.27088209986686707 -0.046780865639448166 -0.10497989505529404 0.024574803188443184 0.0414431057870388 0.9933065176010132
10.300000190734863 -0.08785001933574677 -0.27486440539360046 -0.03315963223576546 -0.10613057762384415 0.02765260450541973 0.042416781187057495 0.9930621981620789
10.333333015441895 -0.08005382865667343 -0.27845144271850586 -0.016015509143471718 -0.1087435707449913 0.027278119698166847 0.04536719247698784 0.992659330368042
10.366666793823242 -0.07432729005813599 -0.2814789414405823 0.0007723706657998264 -0.11352942138910294 0.0330478698015213 0.048186637461185455 0.9918150305747986
10.399999618530273 -0.0648891031742096 -0.28671199083328247 0.018860913813114166 -0.11780858784914017 0.03968864679336548 0.04847365990281105 0.9910581707954407
10.433333396911621 -0.0583321750164032 -0.290034681558609 0.03532100096344948 -0.12064747512340546 0.039106693118810654 0.04909345507621765 0.9907092452049255
10.466666221618652 -0.052916500717401505 -0.2927176356315613 0.052008479833602905 -0.12267936766147614 0.04144784063100815 0.05078427121043205 0.9902791976928711
10.5 -0.045677006244659424 -0.294175386428833 0.06722346693277359 -0.12117981910705566 0.04536670446395874 0.050527505576610565 0.9903051257133484
10.533333778381348 -0.042240120470523834 -0.29611870646476746 0.08088892698287964 -0.11770766228437424 0.046594660729169846 0.05074862018227577 0.9906556010246277
10.566666603088379 -0.035122066736221313 -0.2991105616092682 0.09634675830602646 -0.11518140882253647 0.043970976024866104 0.053635332733392715 0.99092036485672
10.600000381469727 -0.029932253062725067 -0.30120691657066345 0.11008810997009277 -0.11319326609373093 0.04361468181014061 0.05633886903524399 0.9910151958465576
10.633333206176758 -0.023567382246255875 -0.30191105604171753 0.12494345009326935 -0.11094621568918228 0.044242117553949356 0.05863393843173981 0.9911082983016968
10.666666984558105 -0.018823053687810898 -0.3019646108150482 0.13918951153755188 -0.11072669923305511 0.04437357559800148 0.06042766943573952 0.9910191893577576
10.699999809265137 -0.012123011983931065 -0.3037090301513672 0.15534287691116333 -0.1137792319059372 0.044454753398895264 0.06090975180268288 0.9906402230262756
10.733333587646484 -0.008162779733538628 -0.30564889311790466 0.17002879083156586 -0.11827921122312546 0.046400003135204315 0.06156691163778305 0.9899831414222717
10.766666412353516 -0.005801612511277199 -0.30588647723197937 0.18535636365413666 -0.12225861847400665 0.05061006173491478 0.05997849255800247 0.9893907308578491
10.800000190734863 -0.004921752028167248 -0.3039514422416687 0.1980864703655243 -0.12570469081401825 0.055424127727746964 0.05788639560341835 0.9888253808021545
10.833333015441895 -0.009988568723201752 -0.2870742976665497 0.18790440261363983 -0.1289367824792862 0.05275875702500343 0.05840744078159332 0.9885243773460388
10.866666793823242 -0.007946604862809181 -0.2877233028411865 0.2003595232963562 -0.1329006403684616 0.052455492317676544 0.05819947272539139 0.9880276918411255
10.899999618530273 -0.0054270182736217976 -0.2877272367477417 0.21140900254249573 -0.13367383182048798 0.051819026470184326 0.058751512318849564 0.9879242777824402
10.933333396911621 -0.0034185152035206556 -0.28755632042884827 0.2216690629720688 -0.13391031324863434 0.04854901507496834 0.06106916069984436 0.9879178404808044
10.966666221618652 -0.001559153781272471 -0.28697434067726135 0.2311573028564453 -0.13524354994297028 0.04589998349547386 0.06344743072986603 0.9877129197120667
11.0 -0.00011956367234233767 -0.2859105169773102 0.23911015689373016 -0.13686950504779816 0.04708201438188553 0.0646618977189064 0.9873545169830322
11.033333778381348 0.0020599791314452887 -0.28487280011177063 0.24707120656967163 -0.13907986879348755 0.047654952853918076 0.0664050504565239 0.9869022965431213
11.066666603088379 0.0032045342959463596 -0.2835787236690521 0.2537337839603424 -0.1398741602897644 0.04668733477592468 0.06898616254329681 0.9866592884063721
11.100000381469727 0.005212922114878893 -0.28150445222854614 0.2605917155742645 -0.14050805568695068 0.04403264448046684 0.07093264907598495 0.9865531921386719
11.133333206176758 0.0049672420136630535 -0.27893927693367004 0.2655191123485565 -0.14252698421478271 0.04431264474987984 0.07166590541601181 0.9861980080604553
11.166666984558105 0.004640640690922737 -0.2762535810470581 0.27080729603767395 -0.1457759439945221 0.045877862721681595 0.07097340375185013 0.9857015013694763
11.199999809265137 0.005027387291193008 -0.2738122045993805 0.2759053409099579 -0.1483072191476822 0.046293631196022034 0.0709582194685936 0.9853054285049438
11.233333587646484 0.004777855239808559 -0.271321177482605 0.2805608808994293 -0.15024897456169128 0.04635137319564819 0.0708017647266388 0.9850197434425354
11.266666412353516 0.0038786083459854126 -0.2696339190006256 0.28314319252967834 -0.15043459832668304 0.045271456241607666 0.07021653652191162 0.9850835800170898
11.300000190734863 0.0017228235956281424 -0.2700798213481903 0.2822243869304657 -0.14795394241809845 0.04594157263636589 0.06983738392591476 0.9854551553726196
11.333333015441895 2.7842035706271417e-05 -0.27309679985046387 0.2793395519256592 -0.14371705055236816 0.04477419704198837 0.069703109562397 0.9861450791358948
11.366666793823242 -0.004181431140750647 -0.27737507224082947 0.27352669835090637 -0.13875305652618408 0.046408358961343765 0.0672934353351593 0.9869475364685059
11.399999618530273 -0.0099081015214324 -0.2818959951400757 0.26639416813850403 -0.13524404168128967 0.048711296170949936 0.06386055052280426 0.9875515699386597
11.433333396911621 -0.014092347584664822 -0.28644901514053345 0.25831088423728943 -0.13422764837741852 0.047790251672267914 0.061894696205854416 0.987860381603241
11.466666221618652 -0.018941449001431465 -0.29024937748908997 0.2522125244140625 -0.13477148115634918 0.04402446001768112 0.05996819958090782 0.9880800843238831
11.5 -0.02457796409726143 -0.2933735251426697 0.2474886178970337 -0.13590672612190247 0.040302880108356476 0.05613135173916817 0.988308846950531
11.533333778381348 -0.03092760220170021 -0.29671624302864075 0.24061261117458344 -0.13743694126605988 0.03499312698841095 0.0531177818775177 0.9884660243988037
11.566666603088379 -0.03807905316352844 -0.3002370595932007 0.23412258923053741 -0.1376224309206009 0.026907900348305702 0.05090012773871422 0.9888100624084473
11.600000381469727 -0.04416097328066826 -0.30257725715637207 0.2242394983768463 -0.13607190549373627 0.021146750077605247 0.04878992214798927 0.9892709255218506
11.633333206176758 -0.05060211941599846 -0.30516064167022705 0.2137444019317627 -0.13517874479293823 0.016512416303157806 0.04598330706357956 0.9896159172058105
11.666666984558105 -0.057093195617198944 -0.3076704144477844 0.20384053885936737 -0.1351214200258255 0.013661288656294346 0.04301532357931137 0.9898006916046143
11.699999809265137 -0.06430002301931381 -0.3115682899951935 0.19481082260608673 -0.13616520166397095 0.011571255512535572 0.04180483892560005 0.9897360801696777
11.733333587646484 -0.07240480929613113 -0.31488335132598877 0.18423984944820404 -0.1355881690979004 0.008184824138879776 0.040534067898988724 0.9899019598960876
11.766666412353516 -0.08113080263137817 -0.3186955153942108 0.17336420714855194 -0.13420937955379486 0.0032450808212161064 0.040608473122119904 0.9901153445243835
11.800000190734863 -0.0903608575463295 -0.32261520624160767 0.16143696010112762 -0.1326482594013214 0.00307429488748312 0.040351495146751404 0.9903367161750793
11.833333015441895 -0.09885770082473755 -0.3233659863471985 0.1466803103685379 -0.12988126277923584 0.0011325813829898834 0.03835970163345337 0.990786612033844
11.866666793823242 -0.10987996309995651 -0.32533717155456543 0.13271811604499817 -0.12886284291744232 -0.0005961673450656235 0.03591418266296387 0.9910117387771606
11.899999618530273 -0.1180415078997612 -0.325610488653183 0.11982207745313644 -0.1279168426990509 -0.0013465803349390626 0.034316085278987885 0.9911901950836182
11.933333396911621 -0.12983088195323944 -0.3253081142902374 0.10619327425956726 -0.12677374482154846 -0.002226698212325573 0.03144074231386185 0.9914307594299316
11.966666221618652 -0.1396646499633789 -0.3233364224433899 0.09330561012029648 -0.12544755637645721 -0.003997484687715769 0.029720831662416458 0.991646945476532
12.0 -0.149453267455101 -0.3215034306049347 0.08187153935432434 -0.12525637447834015 -0.004922730382531881 0.029550453647971153 0.9916720390319824
12.033333778381348 -0.16044101119041443 -0.31803250312805176 0.07039965689182281 -0.12511077523231506 -0.004932153970003128 0.027209386229515076 0.9917573928833008
12.066666603088379 -0.16932755708694458 -0.3140702545642853 0.05837554484605789 -0.12499237060546875 -0.007487256545573473 0.025880593806505203 0.991791844367981
12.100000381469727 -0.17656172811985016 -0.3093965947628021 0.04994990676641464 -0.1253751814365387 -0.010309559293091297 0.02404334768652916 0.9917644262313843
12.133333206176758 -0.18782736361026764 -0.30455154180526733 0.041981279850006104 -0.12647317349910736 -0.010248984210193157 0.020624907687306404 0.9917026162147522
12.166666984558105 -0.19711151719093323 -0.29927346110343933 0.03244071826338768 -0.127709299325943 -0.01180420070886612 0.01953667216002941 0.991549015045166
12.199999809265137 -0.20601356029510498 -0.2934257388114929 0.024944480508565903 -0.12771816551685333 -0.013149872422218323 0.018036646768450737 0.9915593266487122
12.233333587646484 -0.21124546229839325 -0.28808456659317017 0.017567334696650505 -0.12638483941555023 -0.015496369451284409 0.01642679050564766 0.9917241930961609
12.266666412353516 -0.21858491003513336 -0.28285568952560425 0.011559379287064075 -0.12450800836086273 -0.017162246629595757 0.01712486520409584 0.9919223189353943
12.300000190734863 -0.22256578505039215 -0.27640193700790405 0.006107365246862173 -0.12329737842082977 -0.018858810886740685 0.01650249771773815 0.9920533895492554
12.333333015441895 -0.22628341615200043 -0.270213782787323 0.0038808996323496103 -0.12449193000793457 -0.016791243106126785 0.017269866541028023 0.9919282793998718
12.366666793823242 -0.23117183148860931 -0.2639743983745575 -0.0003195331373717636 -0.12588629126548767 -0.01376268733292818 0.01767469383776188 0.9917917251586914
12.399999618530273 -0.23678497970104218 -0.25886571407318115 -0.0017341808415949345 -0.12695956230163574 -0.013828643597662449 0.01742512919008732 0.9916584491729736
12.433333396911621 -0.24443678557872772 -0.2535931468009949 -0.0027212335262447596 -0.12727704644203186 -0.014314894564449787 0.016915827989578247 0.9916197061538696
12.466666221618652 -0.24919578433036804 -0.24759896099567413 -0.0008049789466895163 -0.12822970747947693 -0.01683098077774048 0.01560848206281662 0.9914788603782654
12.5 -0.256422221660614 -0.23916831612586975 0.0025064849760383368 -0.12954692542552948 -0.017377488315105438 0.012561589479446411 0.9913414120674133
12.533333778381348 -0.24883493781089783 -0.23831231892108917 0.0003688325814437121 -0.1361975371837616 -0.025828571990132332 0.010460504330694675 0.9902897477149963
12.566666603088379 -0.25177738070487976 -0.22751325368881226 0.007151707541197538 -0.14148542284965515 -0.03239162638783455 0.010040013119578362 0.9893593788146973
12.600000381469727 -0.25474369525909424 -0.21771247684955597 0.013393312692642212 -0.14657272398471832 -0.033410511910915375 0.009659022092819214 0.9885883331298828
12.633333206176758 -0.2586010992527008 -0.20704549551010132 0.01955758035182953 -0.15226687490940094 -0.03304386883974075 0.009503768756985664 0.9877411723136902
12.666666984558105 -0.2608075737953186 -0.19742554426193237 0.027591697871685028 -0.15939943492412567 -0.03323841467499733 0.01091410219669342 0.9865941405296326
12.699999809265137 -0.2629026472568512 -0.1902414709329605 0.0338517464697361 -0.16599854826927185 -0.03370584547519684 0.011913723312318325 0.985477864742279
12.733333587646484 -0.26645344495773315 -0.17763473093509674 0.041964370757341385 -0.17050960659980774 -0.036005791276693344 0.013468940742313862 0.9846058487892151
12.766666412353516 -0.2690223157405853 -0.17016762495040894 0.04886709153652191 -0.17695847153663635 -0.037783097475767136 0.012987283058464527 0.9834071397781372
12.800000190734863 -0.27143222093582153 -0.16216593980789185 0.05571972206234932 -0.18405435979366302 -0.038343291729688644 0.013180620968341827 0.9820794463157654
12.833333015441895 -0.27427157759666443 -0.14962860941886902 0.06351185590028763 -0.18955688178539276 -0.03935099020600319 0.01420559361577034 0.9809780716896057
12.866666793823242 -0.2758496105670929 -0.14233557879924774 0.07028861343860626 -0.1962464600801468 -0.041552986949682236 0.014208626002073288 0.979570746421814
12.899999618530273 -0.27727922797203064 -0.1343369483947754 0.0745365247130394 -0.2002241611480713 -0.04374641552567482 0.014979160390794277 0.9786583781242371
12.933333396911621 -0.2763565480709076 -0.12624862790107727 0.08188770711421967 -0.20516803860664368 -0.047035425901412964 0.01933048479259014 0.9774048328399658
12.966666221618652 -0.27833080291748047 -0.1171344518661499 0.08455659449100494 -0.2085760235786438 -0.04696154221892357 0.01874992623925209 0.976698100566864
13.0 -0.28797057271003723 -0.10944239050149918 0.09570898860692978 -0.21288719773292542 -0.04316699504852295 0.016146911308169365 0.9759892225265503
13.033333778381348 -0.2876652777194977 -0.10062981396913528 0.09783084690570831 -0.21566960215568542 -0.042607031762599945 0.01653318665921688 0.9753963351249695
13.066666603088379 -0.2917833924293518 -0.1016235277056694 0.1034083366394043 -0.2245582938194275 -0.0402844212949276 0.01842844858765602 0.973453164100647
13.100000381469727 -0.2914404273033142 -0.09459006041288376 0.10487395524978638 -0.22812245786190033 -0.04027888551354408 0.01863264851272106 0.97262042760849
13.133333206176758 -0.2919072210788727 -0.08747320622205734 0.10656668990850449 -0.2314216047525406 -0.040896810591220856 0.017113404348492622 0.9718429446220398
13.166666984558105 -0.2913017272949219 -0.08163715898990631 0.10789212584495544 -0.23499810695648193 -0.04211677238345146 0.017293831333518028 0.9709289073944092
13.199999809265137 -0.29154354333877563 -0.07620894908905029 0.1082053929567337 -0.23881815373897552 -0.041901446878910065 0.015434508211910725 0.970037043094635
13.233333587646484 -0.2910537123680115 -0.0702761560678482 0.10816708207130432 -0.24253159761428833 -0.040561243891716 0.014340485446155071 0.9691891074180603
13.266666412353516 -0.2899755835533142 -0.06697549670934677 0.10896531492471695 -0.24675141274929047 -0.03965836763381958 0.015653882175683975 0.9681404232978821
13.300000190734863 -0.28866302967071533 -0.062401220202445984 0.10876567661762238 -0.24796901643276215 -0.04095304012298584 0.017424918711185455 0.9677450656890869
13.333333015441895 -0.2877329885959625 -0.059723157435655594 0.1089107096195221 -0.25027722120285034 -0.042135801166296005 0.01941627822816372 0.9670620560646057
13.366666793823242 -0.28714433312416077 -0.05477048456668854 0.10693732649087906 -0.24972489476203918 -0.04289911314845085 0.019173461943864822 0.9671760201454163
13.399999618530273 -0.28679990768432617 -0.05157618969678879 0.10596427321434021 -0.2503146827220917 -0.04337005317211151 0.01897757686674595 0.9670064449310303
13.433333396911621 -0.28588587045669556 -0.04898257926106453 0.10398556292057037 -0.25104445219039917 -0.04285356402397156 0.019277971237897873 0.9668343663215637
13.466666221618652 -0.28470107913017273 -0.04850587621331215 0.1031658798456192 -0.25348007678985596 -0.04188425466418266 0.01992359384894371 0.9662280678749084
13.5 -0.28303760290145874 -0.04719621315598488 0.10175415873527527 -0.25345680117607117 -0.0416669026017189 0.021206699311733246 0.9662162661552429
13.533333778381348 -0.28087693452835083 -0.04667285084724426 0.10061907023191452 -0.2525142431259155 -0.041982587426900864 0.02380913868546486 0.9663887023925781
13.566666603088379 -0.2791237235069275 -0.04623592272400856 0.09936510026454926 -0.25126856565475464 -0.04278043285012245 0.025925058871507645 0.9666240215301514
13.600000381469727 -0.27783259749412537 -0.0464659258723259 0.09963630139827728 -0.2519972026348114 -0.04307183623313904 0.027727002277970314 0.9663712978363037
13.633333206176758 -0.27727097272872925 -0.046129610389471054 0.10082302987575531 -0.25365012884140015 -0.042196791619062424 0.029014913365244865 0.9659395813941956
13.666666984558105 -0.27717021107673645 -0.044831372797489166 0.10249891877174377 -0.25534483790397644 -0.041833799332380295 0.028933679684996605 0.9655112028121948
13.699999809265137 -0.27635863423347473 -0.04359746724367142 0.10495483875274658 -0.2585063576698303 -0.04192282631993294 0.030135542154312134 0.9646288156509399
13.733333587646484 -0.2760382890701294 -0.04117841646075249 0.10709097981452942 -0.26125097274780273 -0.041188064962625504 0.031053898856043816 0.9638916850090027
13.766666412353516 -0.2756365239620209 -0.03965623676776886 0.10908596217632294 -0.2639859616756439 -0.0407240092754364 0.03183338791131973 0.9631404876708984
13.800000190734863 -0.27578893303871155 -0.039657920598983765 0.11095302551984787 -0.26657792925834656 -0.04043767228722572 0.032186657190322876 0.9624266624450684
13.833333015441895 -0.2757287919521332 -0.03750516474246979 0.11165379732847214 -0.26669034361839294 -0.04065770283341408 0.03153682500123978 0.9624077081680298
13.866666793823242 -0.275268018245697 -0.03589649498462677 0.11601340770721436 -0.27219638228416443 -0.03940911963582039 0.031795721501111984 0.9609084725379944
13.899999618530273 -0.2749131917953491 -0.03448384255170822 0.1182716116309166 -0.2748461365699768 -0.03892612084746361 0.03208989277482033 0.9601638913154602
13.933333396911621 -0.2749534249305725 -0.03320513665676117 0.1208563968539238 -0.2779635488986969 -0.03730650991201401 0.03281692788004875 0.9593058228492737
13.966666221618652 -0.27561086416244507 -0.03195906803011894 0.12395768612623215 -0.2821389436721802 -0.035111792385578156 0.033073361963033676 0.9581602215766907
14.0 -0.2757916748523712 -0.03031649813055992 0.1274288445711136 -0.2863774001598358 -0.03293290361762047 0.03366176411509514 0.9569589495658875
14.033333778381348 -0.27652931213378906 -0.02893170900642872 0.13135960698127747 -0.2914724051952362 -0.030479511246085167 0.0342865027487278 0.9554785490036011
14.066666603088379 -0.277325302362442 -0.02785274013876915 0.13638447225093842 -0.29707276821136475 -0.028260864317417145 0.03452940657734871 0.953811764717102
14.100000381469727 -0.2791753113269806 -0.026352735236287117 0.14163124561309814 -0.302525132894516 -0.025264855474233627 0.034321337938308716 0.9521881341934204
14.133333206176758 -0.2807801365852356 -0.024259453639388084 0.14727316796779633 -0.30866193771362305 -0.02250434085726738 0.033602360635995865 0.9503116607666016
14.166666984558105 -0.2825222611427307 -0.021846963092684746 0.15296337008476257 -0.3151974380016327 -0.018467411398887634 0.03322834149003029 0.948264479637146
14.199999809265137 -0.2835274040699005 -0.01930658146739006 0.15762485563755035 -0.32048657536506653 -0.014160770922899246 0.033602092415094376 0.9465509653091431
14.233333587646484 -0.28674522042274475 -0.017497295513749123 0.16268089413642883 -0.3255296051502228 -0.008200169540941715 0.03310982882976532 0.9449164271354675
14.266666412353516 -0.28851771354675293 -0.015343944542109966 0.1666223108768463 -0.32919442653656006 -0.0047916690818965435 0.03380654379725456 0.943644642829895
14.300000190734863 -0.2903052568435669 -0.01386402826756239 0.16953809559345245 -0.3301610052585602 -0.0022417684085667133 0.03487633541226387 0.9432774186134338
14.333333015441895 -0.29210272431373596 -0.012706177309155464 0.17150422930717468 -0.3289652168750763 0.002412059810012579 0.035567622631788254 0.9436689615249634
14.366666793823242 -0.29421794414520264 -0.011814035475254059 0.17393220961093903 -0.3290473222732544 0.0029566825833171606 0.04036208987236023 0.9434458017349243
14.399999618530273 -0.294006884098053 -0.010422125458717346 0.17601317167282104 -0.329022616147995 0.003402919042855501 0.045061782002449036 0.9432401657104492
14.433333396911621 -0.2932361364364624 -0.007437408436089754 0.17847952246665955 -0.33078065514564514 0.004244058858603239 0.048919253051280975 0.9424294233322144
14.466666221618652 -0.2930557131767273 -0.00433716457337141 0.18243855237960815 -0.3357919156551361 0.0057624634355306625 0.04999807849526405 0.9405906200408936
14.5 -0.294220507144928 -0.002096831565722823 0.18774019181728363 -0.3418204188346863 0.009198431856930256 0.04931819066405296 0.9384252429008484
14.533333778381348 -0.29411283135414124 0.0008172825328074396 0.1924084722995758 -0.3455926477909088 0.010214979760348797 0.049463581293821335 0.9370244741439819
14.566666603088379 -0.2946086525917053 0.0029674977995455265 0.1975780874490738 -0.3502200245857239 0.01209467463195324 0.04916694760322571 0.9352980256080627
14.600000381469727 -0.29359883069992065 0.004578656982630491 0.20131716132164001 -0.35387104749679565 0.013112642802298069 0.049575284123420715 0.9338874220848083
14.633333206176758 -0.2937100827693939 -0.00010439295147079974 0.20320327579975128 -0.3600834608078003 0.01782258227467537 0.05076080933213234 0.9313676357269287
14.666666984558105 -0.2915686070919037 0.0001816673029679805 0.20508551597595215 -0.3620851933956146 0.02039427123963833 0.05325295403599739 0.9303991198539734
14.699999809265137 -0.2894449532032013 0.0005004536360502243 0.20650163292884827 -0.36302661895751953 0.022435830906033516 0.055906444787979126 0.929829478263855
14.733333587646484 -0.28697076439857483 0.000562239030841738 0.20766238868236542 -0.36395886540412903 0.024583391845226288 0.05898469313979149 0.9292203783988953
14.766666412353516 -0.2843473255634308 0.0006677473429590464 0.20869003236293793 -0.36439475417137146 0.027313390746712685 0.06243675574660301 0.9287476539611816
14.800000190734863 -0.28178995847702026 0.0004289545177016407 0.2098502516746521 -0.3652500808238983 0.030239112675189972 0.0656418651342392 0.9280998110771179
14.833333015441895 -0.279119074344635 0.00029518772498704493 0.21118058264255524 -0.3665386438369751 0.03320787847042084 0.06894287467002869 0.9272505640983582
14.866666793823242 -0.27684155106544495 0.0007160806562751532 0.2128583937883377 -0.36744147539138794 0.0376708023250103 0.07212655246257782 0.9264801740646362
14.899999618530273 -0.2741238474845886 0.0007942505180835724 0.21436163783073425 -0.3689388632774353 0.040671851485967636 0.07536914944648743 0.9254995584487915
14.933333396911621 -0.2725246548652649 0.0016101357759907842 0.2165364921092987 -0.3709396719932556 0.044989489018917084 0.07770266383886337 0.9243062734603882
14.966666221618652 -0.27117669582366943 0.002600606996566057 0.21862323582172394 -0.3729932904243469 0.04908553883433342 0.07966840267181396 0.9231032133102417
15.0 -0.27019861340522766 0.002121595898643136 0.22406600415706635 -0.37821248173713684 0.05574946850538254 0.08013017475605011 0.9205577373504639
15.033333778381348 -0.2693416476249695 0.003572218120098114 0.22560909390449524 -0.3792668581008911 0.06005652993917465 0.08133773505687714 0.9197466969490051
15.066666603088379 -0.2684667706489563 0.003939881455153227 0.22725257277488708 -0.38085076212882996 0.06341607123613358 0.08246733248233795 0.9187655448913574
15.100000381469727 -0.26758965849876404 0.004059427417814732 0.22821876406669617 -0.3816553056240082 0.06597478687763214 0.08354151248931885 0.9181542992591858
15.133333206176758 -0.2670111358165741 0.004148830194026232 0.22832849621772766 -0.38134244084358215 0.06797196716070175 0.08438398689031601 0.9180616140365601
15.166666984558105 -0.2667907178401947 0.0040762461721897125 0.22787117958068848 -0.3805651366710663 0.06878293305635452 0.0848793014883995 0.918278157711029
15.199999809265137 -0.266755610704422 0.003755750600248575 0.22734209895133972 -0.3797663748264313 0.0684451088309288 0.08514795452356339 0.918609082698822
15.233333587646484 -0.26745280623435974 0.0030150171369314194 0.22658614814281464 -0.3791726529598236 0.06688488274812698 0.08455168455839157 0.9190242886543274
15.266666412353516 -0.26924821734428406 0.0014397033955901861 0.22525721788406372 -0.377631276845932 0.06490840762853622 0.08316316455602646 0.9199269413948059
15.300000190734863 -0.2724340260028839 -0.0019599637016654015 0.22353018820285797 -0.37419018149375916 0.06164150685071945 0.0811360701918602 0.921737015247345
15.333333015441895 -0.27652087807655334 -0.006796893198043108 0.2207842618227005 -0.36816108226776123 0.056496914476156235 0.0785103514790535 0.924717128276825
15.366666793823242 -0.2824241816997528 -0.014110986143350601 0.21997398138046265 -0.36299505829811096 0.051255784928798676 0.07566846162080765 0.9272980690002441
15.399999618530273 -0.2886921465396881 -0.02090836875140667 0.220224991440773 -0.3592551648616791 0.0463155061006546 0.07213144749403 0.929294228553772
15.433333396911621 -0.2948915660381317 -0.02631980925798416 0.22106419503688812 -0.35641002655029297 0.04212906211614609 0.06740732491016388 0.9309422373771667
15.466666221618652 -0.30202439427375793 -0.03279336541891098 0.22455550730228424 -0.3580964207649231 0.040880803018808365 0.06262010335922241 0.9306849241256714
15.5 -0.309033066034317 -0.03766076639294624 0.22750753164291382 -0.35851436853408813 0.03887809067964554 0.0577424094080925 0.9309253096580505
15.533333778381348 -0.3174687325954437 -0.04273814707994461 0.2321113795042038 -0.3591511845588684 0.03583872318267822 0.0524388924241066 0.9311155080795288
15.566666603088379 -0.32605594396591187 -0.048465799540281296 0.23585569858551025 -0.3582039773464203 0.031163522973656654 0.04944252595305443 0.9318124055862427
15.600000381469727 -0.3319585919380188 -0.05294207111001015 0.23866182565689087 -0.35650452971458435 0.025731759145855904 0.04829508066177368 0.9326896667480469
15.633333206176758 -0.3411368429660797 -0.05668763443827629 0.24392300844192505 -0.35698050260543823 0.02466082014143467 0.04582931101322174 0.9326609373092651
15.666666984558105 -0.3479359745979309 -0.0591014102101326 0.2465614676475525 -0.35584378242492676 0.022134074941277504 0.04469194635748863 0.9332138299942017
15.699999809265137 -0.35386478900909424 -0.061510760337114334 0.2500501871109009 -0.3565363585948944 0.020339347422122955 0.043999385088682175 0.9330231547355652
15.733333587646484 -0.36002132296562195 -0.06261647492647171 0.2529706656932831 -0.35617998242378235 0.020038435235619545 0.04226655140519142 0.933245837688446
15.766666412353516 -0.36595621705055237 -0.06404978036880493 0.25522348284721375 -0.35550615191459656 0.020942604169249535 0.04016128554940224 0.9335758686065674
15.800000190734863 -0.37141212821006775 -0.06471239030361176 0.2566104531288147 -0.35421448945999146 0.023534411564469337 0.03681819140911102 0.9341427087783813
15.833333015441895 -0.37474116683006287 -0.06618372350931168 0.2558055818080902 -0.3520944118499756 0.025082994252443314 0.03475022688508034 0.9349828362464905
15.866666793823242 -0.3771401643753052 -0.06887605786323547 0.25477471947669983 -0.35061314702033997 0.029244864359498024 0.03276168182492256 0.9354901909828186
15.899999618530273 -0.3777104914188385 -0.0721844807267189 0.2520925998687744 -0.348000705242157 0.0353689081966877 0.030313823372125626 0.9363362789154053
15.933333396911621 -0.3762374520301819 -0.07802793383598328 0.2468700259923935 -0.3439057171344757 0.04111023619771004 0.029413940384984016 0.9376426339149475
15.966666221618652 -0.37530121207237244 -0.08401957899332047 0.24079036712646484 -0.3368707597255707 0.04267987981438637 0.02795383334159851 0.9401676654815674
16.0 -0.37169405817985535 -0.09032570570707321 0.23069900274276733 -0.3258713483810425 0.040056098252534866 0.02948027476668358 0.9441050887107849
16.03333282470703 -0.36616137623786926 -0.09770246595144272 0.22124147415161133 -0.3153564929962158 0.042729731649160385 0.03299524262547493 0.9474364519119263
16.066667556762695 -0.35826343297958374 -0.1049308031797409 0.21110108494758606 -0.3065081536769867 0.0487457737326622 0.03754640370607376 0.9498773813247681
16.100000381469727 -0.34890371561050415 -0.11320318281650543 0.20179125666618347 -0.30114081501960754 0.057012662291526794 0.042448949068784714 0.9509268403053284
16.133333206176758 -0.3381877839565277 -0.12184228003025055 0.19138936698436737 -0.29563507437705994 0.06633652001619339 0.047778524458408356 0.9517964720726013
16.16666603088379 -0.32745805382728577 -0.12779906392097473 0.17896412312984467 -0.28731194138526917 0.07334232330322266 0.05155206099152565 0.9536325931549072
16.200000762939453 -0.32005876302719116 -0.1432528793811798 0.16989979147911072 -0.2840309143066406 0.08285380154848099 0.05450661852955818 0.9536722898483276
16.233333587646484 -0.3072647452354431 -0.15504190325737 0.15615704655647278 -0.2768648564815521 0.088750459253788 0.05929427593946457 0.9549624919891357
16.266666412353516 -0.2933565378189087 -0.1635628491640091 0.1426776945590973 -0.26617392897605896 0.08903998881578445 0.0661315992474556 0.9575228691101074
16.299999237060547 -0.28084948658943176 -0.17194825410842896 0.12770435214042664 -0.2554583251476288 0.08897700905799866 0.07310846447944641 0.9599371552467346
16.33333396911621 -0.26587048172950745 -0.185431569814682 0.1165534108877182 -0.25036096572875977 0.08927023410797119 0.08127929270267487 0.9605956077575684
16.366666793823242 -0.25332966446876526 -0.18442024290561676 0.09452863782644272 -0.23769773542881012 0.09405983984470367 0.09085307270288467 0.9624958634376526
16.399999618530273 -0.24061964452266693 -0.18554680049419403 0.0774340033531189 -0.22818249464035034 0.10428634285926819 0.09999702870845795 0.962838351726532
16.433332443237305 -0.2269211709499359 -0.19565725326538086 0.06991972029209137 -0.22916196286678314 0.11589185148477554 0.10844472050666809 0.9603612422943115
16.46666717529297 -0.21745175123214722 -0.1959065943956375 0.0527854822576046 -0.22648175060749054 0.13091813027858734 0.11476986855268478 0.958328902721405
16.5 -0.14126423001289368 -0.20434807240962982 0.042429473251104355 -0.2288794368505478 0.12742145359516144 0.1317560374736786 0.9560430645942688
16.53333282470703 -0.1272381693124771 -0.20916712284088135 0.0320354662835598 -0.23205627501010895 0.12958753108978271 0.14440318942070007 0.9531551003456116
16.566667556762695 -0.112154521048069 -0.2060411125421524 0.015876146033406258 -0.23263981938362122 0.1327149122953415 0.15749183297157288 0.9505061507225037
16.600000381469727 -0.09867232292890549 -0.2027052640914917 0.005369105841964483 -0.23356039822101593 0.13880321383476257 0.16794030368328094 0.9476177096366882
16.633333206176758 -0.0881740152835846 -0.18996849656105042 -0.0011636115377768874 -0.23039127886295319 0.1447974294424057 0.17828433215618134 0.9456047415733337
16.66666603088379 -0.08425872772932053 -0.1888274997472763 -0.012614579871296883 -0.2342296689748764 0.15757009387016296 0.18582314252853394 0.9411578178405762
16.700000762939453 -0.06971277296543121 -0.1823624223470688 -0.02464650385081768 -0.23752108216285706 0.16424523293972015 0.1940910369157791 0.9375158548355103
16.733333587646484 -0.048733972012996674 -0.17268483340740204 -0.03385861590504646 -0.242064967751503 0.16903862357139587 0.20394542813301086 0.9334006309509277
16.766666412353516 -0.040913209319114685 -0.15924619138240814 -0.04531349241733551 -0.2434963881969452 0.17605316638946533 0.20945806801319122 0.9305064678192139
16.799999237060547 -0.033283308148384094 -0.1490655243396759 -0.05099457502365112 -0.2440677285194397 0.18119700253009796 0.21451184153556824 0.9282151460647583
16.83333396911621 -0.01382795162498951 -0.13441035151481628 -0.06272329390048981 -0.24178332090377808 0.1791374385356903 0.2242947667837143 0.9268993735313416
16.866666793823242 -0.005741843022406101 -0.12451780587434769 -0.06814128905534744 -0.2401532232761383 0.18189172446727753 0.23138310015201569 0.9250425696372986
16.899999618530273 0.0033856129739433527 -0.11510119587182999 -0.07577014714479446 -0.23879607021808624 0.18341064453125 0.23835499584674835 0.9233222603797913
16.933332443237305 0.010724608786404133 -0.10263652354478836 -0.08297999203205109 -0.23660336434841156 0.1846638023853302 0.2450288087129593 0.9218888282775879
16.96666717529297 0.02680603228509426 -0.09411977231502533 -0.08864549547433853 -0.24044591188430786 0.18419493734836578 0.2567082643508911 0.9178011417388916
17.0 0.03700302168726921 -0.08292673528194427 -0.09529951959848404 -0.24124285578727722 0.18617448210716248 0.2685040831565857 0.9138088226318359
17.03333282470703 0.0468771867454052 -0.0662713423371315 -0.10381940007209778 -0.2396104633808136 0.1849515438079834 0.2818160951137543 0.9104720950126648
17.066667556762695 0.053699929267168045 -0.04527772590517998 -0.11420267075300217 -0.23502086102962494 0.18515180051326752 0.29490408301353455 0.907477617263794
17.100000381469727 0.06864932924509048 -0.03848319873213768 -0.11925830692052841 -0.2343108355998993 0.1853010356426239 0.30944231152534485 0.9027776122093201
17.133333206176758 0.07835445553064346 -0.03105984441936016 -0.12876079976558685 -0.23286579549312592 0.18671700358390808 0.3222246468067169 0.8983771800994873
17.16666603088379 0.08445017784833908 -0.017935829237103462 -0.1342504322528839 -0.2305305004119873 0.19084472954273224 0.330783486366272 0.8949950933456421
17.200000762939453 0.0995006114244461 -0.012933463789522648 -0.14000281691551208 -0.23587822914123535 0.1939353346824646 0.3403354585170746 0.8893381357192993
17.233333587646484 0.10364315658807755 -0.001235626987181604 -0.14023423194885254 -0.24096934497356415 0.2014104574918747 0.34732183814048767 0.8835921883583069
17.266666412353516 0.10708140581846237 0.01412156317383051 -0.1477176696062088 -0.24014431238174438 0.2032373547554016 0.35529187321662903 0.8802233338356018
17.299999237060547 0.11678542196750641 0.019451161846518517 -0.15006697177886963 -0.2431880682706833 0.20137447118759155 0.3663422465324402 0.8752720952033997
17.33333396911621 0.12731987237930298 0.026009174063801765 -0.15801914036273956 -0.24374179542064667 0.1970175802707672 0.3800961673259735 0.8702304363250732
17.366666793823242 0.13313665986061096 0.03610058128833771 -0.16530632972717285 -0.24080300331115723 0.19537843763828278 0.39005276560783386 0.8670064210891724
17.399999618530273 0.11066785454750061 0.07640842348337173 -0.1730552613735199 -0.22203800082206726 0.2007617950439453 0.3878316879272461 0.871768593788147
17.433332443237305 0.11593705415725708 0.08360696583986282 -0.17901241779327393 -0.20787876844406128 0.20730921626091003 0.38850656151771545 0.8734254240989685
17.46666717529297 0.1210188940167427 0.08817485719919205 -0.1867159903049469 -0.19472992420196533 0.21410390734672546 0.3900321125984192 0.8741365671157837
17.5 0.12505561113357544 0.09136193990707397 -0.19287319481372833 -0.18042878806591034 0.21515710651874542 0.39237844944000244 0.8758950233459473
17.53333282470703 0.12738999724388123 0.09438245743513107 -0.19698166847229004 -0.1686709225177765 0.21268555521965027 0.39636412262916565 0.8770464658737183
17.566667556762695 0.12900304794311523 0.10028176009654999 -0.20079033076763153 -0.1561039388179779 0.21100060641765594 0.4002338945865631 0.8780222535133362
17.600000381469727 0.13210833072662354 0.10282105207443237 -0.2061077356338501 -0.14716358482837677 0.20914213359355927 0.4075973927974701 0.8766223788261414
17.633333206176758 0.13595639169216156 0.10602809488773346 -0.21158713102340698 -0.1387484073638916 0.20626653730869293 0.41676995158195496 0.874360203742981
17.66666603088379 0.1396164447069168 0.1128091886639595 -0.21572209894657135 -0.12958620488643646 0.20179109275341034 0.42593953013420105 0.8723893761634827
17.700000762939453 0.14348025619983673 0.11544967442750931 -0.21990908682346344 -0.12364599108695984 0.19694986939430237 0.4372525215148926 0.8687534928321838
17.733333587646484 0.14604252576828003 0.12426398694515228 -0.22222347557544708 -0.11561763286590576 0.18991461396217346 0.4461059868335724 0.8669224381446838
17.766666412353516 0.1521916687488556 0.12846820056438446 -0.22657133638858795 -0.11098489165306091 0.18100976943969727 0.4579851031303406 0.8632308840751648
17.799999237060547 0.1539054960012436 0.13599269092082977 -0.22772926092147827 -0.10333159565925598 0.1744275838136673 0.4655192792415619 0.8615041971206665
17.83333396911621 0.15824097394943237 0.13978004455566406 -0.2295510619878769 -0.09908215701580048 0.1676923930644989 0.474091112613678 0.8586615324020386
17.866666793823242 0.16163349151611328 0.14278650283813477 -0.23183736205101013 -0.09588506817817688 0.1650361567735672 0.4808073937892914 0.8557999134063721
17.899999618530273 0.16551010310649872 0.14549493789672852 -0.23548761010169983 -0.09381543099880219 0.16443665325641632 0.48705780506134033 0.8526042103767395
17.933332443237305 0.16617201268672943 0.1494806408882141 -0.23657335340976715 -0.09166955202817917 0.16587716341018677 0.49029266834259033 0.8507024645805359
17.96666717529297 0.16764385998249054 0.15215159952640533 -0.23864604532718658 -0.08935322612524033 0.16695064306259155 0.49341028928756714 0.8489344716072083
18.0 0.16787007451057434 0.150862917304039 -0.23791201412677765 -0.08732879906892776 0.16999420523643494 0.49641555547714233 0.8467864394187927
18.03333282470703 0.1667076200246811 0.15061339735984802 -0.237041175365448 -0.08385537564754486 0.1728227734565735 0.49860817193984985 0.8452754020690918
18.066667556762695 0.17050801217556 0.14874355494976044 -0.24015647172927856 -0.08402032405138016 0.17226824164390564 0.5038896799087524 0.8422348499298096
18.100000381469727 0.17132920026779175 0.14961056411266327 -0.24140922725200653 -0.08326660841703415 0.1726377010345459 0.5065731406211853 0.8406226634979248
18.133333206176758 0.17236129939556122 0.1507694274187088 -0.24165917932987213 -0.08365770429372787 0.17196831107139587 0.5081890225410461 0.8397453427314758
18.16666603088379 0.17431126534938812 0.15135586261749268 -0.23936988413333893 -0.08582005649805069 0.16623584926128387 0.5111197829246521 0.8389022946357727
18.200000762939453 0.17501068115234375 0.15322065353393555 -0.23613420128822327 -0.08325811475515366 0.15393076837062836 0.5154272317886353 0.8388731479644775
18.233333587646484 0.17278537154197693 0.1549207717180252 -0.232196643948555 -0.07052423059940338 0.14056502282619476 0.5198761820793152 0.839640736579895
18.266666412353516 0.17169010639190674 0.15566827356815338 -0.23097442090511322 -0.05685516074299812 0.1320560872554779 0.5271570086479187 0.837516725063324
18.299999237060547 0.17148025333881378 0.15810765326023102 -0.23164492845535278 -0.047181446105241776 0.12414654344320297 0.5361366271972656 0.8336181044578552
18.33333396911621 0.16978193819522858 0.1656637340784073 -0.23328228294849396 -0.04186132550239563 0.12230385839939117 0.5464297533035278 0.8274684548377991
18.366666793823242 0.16982874274253845 0.16971568763256073 -0.23525936901569366 -0.04497135430574417 0.1271418333053589 0.5543866157531738 0.8212599754333496
18.399999618530273 0.17011545598506927 0.17221595346927643 -0.23791635036468506 -0.04698067158460617 0.1343173086643219 0.5599032044410706 0.8162475228309631
18.433332443237305 0.17065823078155518 0.17651645839214325 -0.24256296455860138 -0.042238183319568634 0.13720853626728058 0.5662001371383667 0.8116694092750549
18.46666717529297 0.17109906673431396 0.17857052385807037 -0.24540507793426514 -0.03568974882364273 0.13740164041519165 0.5734249353408813 0.8068649172782898
18.5 0.17176465690135956 0.18304261565208435 -0.24771420657634735 -0.027840452268719673 0.13485302031040192 0.5784868597984314 0.8039854764938354
18.53333282470703 0.17292889952659607 0.18715591728687286 -0.24981418251991272 -0.023925647139549255 0.13340136408805847 0.5828612446784973 0.8011893630027771
18.566667556762695 0.17413868010044098 0.19242140650749207 -0.25174370408058167 -0.02219345234334469 0.13275876641273499 0.5859275460243225 0.799106776714325
18.600000381469727 0.17601583898067474 0.19584546983242035 -0.2538459300994873 -0.0207954254001379 0.1323268860578537 0.5889623165130615 0.7969822287559509
18.633333206176758 0.17787648737430573 0.19670400023460388 -0.2547232508659363 -0.020366458222270012 0.1328963190317154 0.5918538570404053 0.79475337266922
18.66666603088379 0.17993949353694916 0.19729746878147125 -0.2544008791446686 -0.02136206440627575 0.13606785237789154 0.5947093963623047 0.7920543551445007
18.700000762939453 0.18037360906600952 0.1990143060684204 -0.2544003129005432 -0.021640116348862648 0.13908520340919495 0.5962158441543579 0.790388286113739
18.733333587646484 0.18449488282203674 0.2014165073633194 -0.25574105978012085 -0.022321024909615517 0.13710057735443115 0.5980360507965088 0.7893402576446533
18.766666412353516 0.18544384837150574 0.2033466100692749 -0.25506624579429626 -0.02152625098824501 0.137618750333786 0.5985226631164551 0.7889032959938049
18.799999237060547 0.18671071529388428 0.2052011787891388 -0.25455841422080994 -0.02039426751434803 0.13759101927280426 0.5979120135307312 0.789401113986969
18.83333396911621 0.18912161886692047 0.20850534737110138 -0.2557007074356079 -0.020055392757058144 0.1364109367132187 0.5974257588386536 0.7899825572967529
18.866666793823242 0.19157448410987854 0.20818288624286652 -0.25371062755584717 -0.025805911049246788 0.13970816135406494 0.6002885699272156 0.787063717842102
18.899999618530273 0.1935466080904007 0.21067477762699127 -0.2527238130569458 -0.02962777018547058 0.14060115814208984 0.6007765531539917 0.7863975167274475
18.933332443237305 0.1952349841594696 0.21141596138477325 -0.25205597281455994 -0.030438339337706566 0.14161446690559387 0.5987002849578857 0.7877669930458069
18.96666717529297 0.19546933472156525 0.2145683765411377 -0.2526412606239319 -0.02635308913886547 0.14219346642494202 0.5938937067985535 0.7914397716522217
19.0 0.19683250784873962 0.21237443387508392 -0.2526480257511139 -0.026766140013933182 0.1465480774641037 0.5915229320526123 0.7924064993858337
19.03333282470703 0.19772161543369293 0.21131515502929688 -0.2524748146533966 -0.029000375419855118 0.15279296040534973 0.5896586179733276 0.7925377488136292
19.066667556762695 0.20066112279891968 0.21130791306495667 -0.2546665370464325 -0.03263811767101288 0.15530629456043243 0.5870824456214905 0.7938191890716553
19.100000381469727 0.2046530693769455 0.20977944135665894 -0.2575746476650238 -0.03666657209396362 0.15645621716976166 0.5837410092353821 0.7958791255950928
19.133333206176758 0.20442603528499603 0.20838916301727295 -0.25673744082450867 -0.03852095082402229 0.161685973405838 0.5776131749153137 0.7992100715637207
19.16666603088379 0.20417675375938416 0.20685970783233643 -0.25655266642570496 -0.040690865367650986 0.16631318628787994 0.5730398297309875 0.8014421463012695
19.200000762939453 0.2062348872423172 0.20110391080379486 -0.2582383155822754 -0.043892521411180496 0.17011640965938568 0.56989586353302 0.8027157783508301
19.233333587646484 0.20655986666679382 0.19652365148067474 -0.2624403238296509 -0.042180389165878296 0.17212660610675812 0.5671119093894958 0.8043490648269653
19.266666412353516 0.20698584616184235 0.19352757930755615 -0.2632388770580292 -0.03921103477478027 0.1748788207769394 0.5596320629119873 0.8091304302215576
19.299999237060547 0.20981574058532715 0.18563878536224365 -0.2638138234615326 -0.04229993373155594 0.17982535064220428 0.5537796020507812 0.8119124174118042
19.33333396911621 0.20922912657260895 0.18083074688911438 -0.2653423547744751 -0.04513469710946083 0.18637242913246155 0.5477727651596069 0.8143545389175415
19.366666793823242 0.21152028441429138 0.17662928998470306 -0.2682059705257416 -0.049635905772447586 0.19053655862808228 0.5458839535713196 0.8143972754478455
19.399999618530273 0.21277765929698944 0.17465414106845856 -0.2718587815761566 -0.05274125933647156 0.1971217542886734 0.5449710488319397 0.8132453560829163
19.433332443237305 0.21385127305984497 0.17254771292209625 -0.2754092812538147 -0.0565328486263752 0.20729641616344452 0.5424487590789795 0.8121463656425476
19.46666717529297 0.214416965842247 0.1731562614440918 -0.2796260416507721 -0.05849013850092888 0.21837042272090912 0.5402176380157471 0.8105911612510681
19.5 0.2167842835187912 0.17073988914489746 -0.28337976336479187 -0.06541424989700317 0.23011453449726105 0.5404900908470154 0.8066218495368958
19.53333282470703 0.22008545696735382 0.1743675023317337 -0.286713182926178 -0.07257957011461258 0.24335573613643646 0.5389844179153442 0.8031226992607117
19.566667556762695 0.2224331796169281 0.17605991661548615 -0.28927305340766907 -0.08164012432098389 0.2565660774707794 0.534453272819519 0.8011670112609863
19.600000381469727 0.22529278695583344 0.1624450832605362 -0.29263126850128174 -0.09456277638673782 0.27294450998306274 0.5315819382667542 0.7962285280227661
19.633333206176758 0.230701744556427 0.17260487377643585 -0.29757359623908997 -0.09561879932880402 0.28491896390914917 0.5250377058982849 0.7962497472763062
19.66666603088379 0.22104081511497498 0.1641082912683487 -0.3024914860725403 -0.09636632353067398 0.3033445477485657 0.5175927877426147 0.7942249774932861
19.700000762939453 0.2354343682527542 0.16616731882095337 -0.30659258365631104 -0.09893833100795746 0.3093458116054535 0.5136701464653015 0.7941406965255737
19.733333587646484 0.1393093317747116 0.10372993350028992 -0.25561457872390747 -0.09929344058036804 0.3514181673526764 0.5075759291648865 0.7803927063941956
19.766666412353516 0.13417205214500427 0.10721368342638016 -0.24142251908779144 -0.09892681241035461 0.3831322491168976 0.5039523839950562 0.7677597999572754
19.799999237060547 0.14070308208465576 0.10454492270946503 -0.24638010561466217 -0.1016559898853302 0.4027971029281616 0.5011517405509949 0.7591228485107422
19.83333396911621 0.1468285769224167 0.10698986053466797 -0.24941645562648773 -0.10487955063581467 0.4154576361179352 0.4992183446884155 0.7531111240386963
19.866666793823242 0.15401753783226013 0.10621438920497894 -0.25784000754356384 -0.10948173701763153 0.4215575158596039 0.4959125816822052 0.7512481808662415
19.899999618530273 0.15889668464660645 0.11034535616636276 -0.2595391869544983 -0.11043918877840042 0.424972802400589 0.4952481985092163 0.749620258808136
19.933332443237305 0.16655628383159637 0.10792432725429535 -0.2611473500728607 -0.1131838858127594 0.42535915970802307 0.4944969713687897 0.7494876980781555
19.96666717529297 0.1697576344013214 0.10825279355049133 -0.26106131076812744 -0.11216884851455688 0.4225917160511017 0.4888879656791687 0.7548662424087524
20.0 0.17039671540260315 0.10702329874038696 -0.26103195548057556 -0.10650817304849625 0.4200846552848816 0.48029252886772156 0.7625641822814941
20.03333282470703 0.1725710779428482 0.1033276617527008 -0.2631126046180725 -0.10219176858663559 0.4186432361602783 0.47251880168914795 0.7687786817550659
20.066667556762695 0.17462827265262604 0.09590298682451248 -0.26516321301460266 -0.09854377061128616 0.4203786849975586 0.465989351272583 0.7722854018211365
20.100000381469727 0.17822611331939697 0.09388546645641327 -0.26751816272735596 -0.09518647938966751 0.41849732398986816 0.46216583251953125 0.776016891002655
20.133333206176758 0.18764150142669678 0.08754680305719376 -0.2705821692943573 -0.09279926121234894 0.412828654050827 0.46490591764450073 0.7777037620544434
20.16666603088379 0.19648422300815582 0.08641909807920456 -0.2733542323112488 -0.08847055584192276 0.40657031536102295 0.46988365054130554 0.7785133123397827
20.200000762939453 0.2053564041852951 0.08818153291940689 -0.2758863866329193 -0.08356636017560959 0.401900976896286 0.4749382436275482 0.7784125208854675
20.233333587646484 0.21499033272266388 0.08911868184804916 -0.27796071767807007 -0.08429944515228271 0.4015917479991913 0.4810054898262024 0.7747589349746704
20.266666412353516 0.22329849004745483 0.0941106304526329 -0.28658953309059143 -0.08703100681304932 0.40765509009361267 0.4864894449710846 0.767835259437561
20.299999237060547 0.2231678068637848 0.10287714004516602 -0.29401522874832153 -0.08684207499027252 0.4201210141181946 0.4904630780220032 0.758553147315979
20.33333396911621 0.23321354389190674 0.1033472865819931 -0.29298141598701477 -0.09221439808607101 0.4295141100883484 0.4986295700073242 0.7472500801086426
20.366666793823242 0.23288166522979736 0.10930299013853073 -0.3118056356906891 -0.08440844714641571 0.4229830503463745 0.5048714876174927 0.7477067708969116
20.399999618530273 0.24030709266662598 0.10985105484724045 -0.31878000497817993 -0.07855402678251266 0.41965919733047485 0.514341413974762 0.7437529563903809
20.433332443237305 0.2459084391593933 0.11033303290605545 -0.3306698799133301 -0.07688947767019272 0.429481565952301 0.5259101986885071 0.7301041483879089
