0.0 0.0 0.0 0.0 0.0 0.0 0.0 1.0
9.333333015441895 -0.025637513026595116 0.0043244436383247375 -0.010818779468536377 -0.0025576320476830006 -0.24324646592140198 -0.08598650991916656 0.966142475605011
11.133333206176758 -0.10044045746326447 -0.2335909605026245 -0.08480829000473022 -0.013343081809580326 -0.3190010190010071 -0.13129518926143646 0.9385204315185547
12.033333778381348 -0.3851032257080078 -0.24848537147045135 0.10632066428661346 -0.06678471714258194 -0.33440667390823364 -0.16415707767009735 0.9256159663200378
14.300000190734863 -0.04666630178689957 -0.34978002309799194 0.04223449155688286 -0.05736686289310455 -0.27800628542900085 -0.13647791743278503 0.9491024613380432
15.466666221618652 -0.026237452402710915 -0.40565311908721924 0.35884636640548706 -0.07922282814979553 -0.25724101066589355 -0.10585685819387436 0.9572598934173584
16.83333396911621 0.1730247139930725 -0.3162440359592438 0.17259040474891663 -0.03439132869243622 -0.1702762097120285 -0.04003746435046196 0.9839814901351929
17.633333206176758 0.4204971194267273 -0.3291247487068176 0.05418427288532257 -0.022156069055199623 -0.023538021370768547 -0.0016595922643318772 0.9994757771492004
17.96666717529297 0.6007370948791504 -0.3745652735233307 0.17831380665302277 -0.03318144008517265 0.09680652618408203 0.0711146742105484 0.9922052025794983
18.766666412353516 0.8757046461105347 -0.4290687143802643 0.3663328289985657 -0.08135195821523666 0.2169942408800125 0.16883279383182526 0.9580144286155701
19.600000381469727 0.9855257868766785 -0.42128080129623413 0.6504675149917603 -0.18906739354133606 0.20055384933948517 0.20380204916000366 0.9394134283065796
20.46666717529297 1.0367449522018433 -0.3245563209056854 0.8221534490585327 -0.2653971016407013 0.17280793190002441 0.22443383932113647 0.9215919971466064
21.66666603088379 1.0413695573806763 -0.362341970205307 0.58250492811203 -0.16129431128501892 0.26804807782173157 0.17863701283931732 0.9328575134277344
22.83333396911621 1.2673336267471313 -0.4361281096935272 0.5675631761550903 -0.1643659919500351 0.38651177287101746 0.25682321190834045 0.8704225420951843
23.66666603088379 1.5102734565734863 -0.39254260063171387 0.7091308832168579 -0.22650091350078583 0.3996944725513458 0.33153513073921204 0.8240311145782471
25.53333282470703 1.2739288806915283 -0.3936738967895508 0.5759877562522888 -0.15905442833900452 0.34456899762153625 0.26953333616256714 0.8850573301315308
26.100000381469727 0.9535737633705139 -0.4136318266391754 0.4547050893306732 -0.10709105432033539 0.25330036878585815 0.18013045191764832 0.9444168210029602
26.66666603088379 0.6728556156158447 -0.37199318408966064 0.30977335572242737 -0.06338320672512054 0.1264178454875946 0.10239477455615997 0.9846405386924744
27.33333396911621 0.4807299077510834 -0.2605505883693695 0.12164942920207977 -0.029993746429681778 -0.005567742977291346 0.033351000398397446 0.998977780342102
29.733333587646484 0.3044451177120209 -0.228124737739563 0.320250928401947 -0.04852047190070152 -0.1105511412024498 -0.03386707976460457 0.9921079277992249
29.899999618530273 0.28993552923202515 -0.23286788165569305 0.35248231887817383 -0.04892768710851669 -0.10819751024246216 -0.04297298938035965 0.9919949173927307
30.233333587646484 0.29105594754219055 -0.2469080239534378 0.3859231173992157 -0.04820237681269646 -0.10219023376703262 -0.045535918325185776 0.9925524592399597
30.799999237060547 0.2316088080406189 -0.24776697158813477 0.3147965669631958 -0.02905692160129547 -0.2255607694387436 -0.056676097214221954 0.972145140171051
31.46666717529297 0.23494727909564972 -0.2385886162519455 0.24501396715641022 -0.0010304595343768597 -0.4227398633956909 -0.10320228338241577 0.9003546833992004
32.400001525878906 0.058829132467508316 -0.16776491701602936 0.05847689136862755 0.003684853669255972 -0.4850362241268158 -0.145393967628479 0.8623149991035461
34.29999923706055 -0.15712061524391174 0.046478744596242905 -0.1371569186449051 0.0024751396849751472 -0.393547922372818 -0.13894763588905334 0.9087395071983337
36.400001525878906 0.02046121098101139 0.011736433021724224 -0.03717964142560959 -0.001872131833806634 -0.2621595859527588 -0.09509973973035812 0.9603255391120911
37.599998474121094 0.2608463764190674 -0.032669518142938614 0.07768592238426208 -0.0018298884388059378 -0.22513447701931 -0.08234503865242004 0.9708402752876282
38.93333435058594 0.5021520256996155 -0.05723721161484718 0.1476152539253235 -0.00010256380483042449 -0.21066072583198547 -0.07821138203144073 0.9744259715080261
39.96666717529297 0.46568673849105835 -0.09110917896032333 0.24327801167964935 -0.0018657429609447718 -0.1978510320186615 -0.07453794777393341 0.9773923754692078
42.06666564941406 0.3878317177295685 -0.12976056337356567 0.35580891370773315 -0.0016797888092696667 -0.3871651887893677 -0.14241880178451538 0.9109429717063904
