0.0 0.0 0.0 0.0 0.0 0.0 0.0 1.0
0.03333333507180214 -2.5450151497352635e-06 1.8326929421164095e-05 1.0826817742781714e-05 -6.298005246208049e-06 -3.376423592271749e-06 -2.7742253223550506e-05 1.0
0.06666667014360428 3.0532980872521875e-06 1.7596421457710676e-05 2.5585404728190042e-05 -6.893536919960752e-06 -2.157973995053908e-06 -2.6310119210393168e-05 1.0
0.10000000149011612 -8.762130505601817e-07 1.3345028492040001e-05 1.3877459423383698e-05 -4.451555923878914e-06 -1.5493885712203337e-06 -2.483774187567178e-05 1.0
0.13333334028720856 -4.032742708659498e-06 9.421344657312147e-06 2.7820831746794283e-05 -6.629834388149902e-06 4.143569185544038e-06 -1.820758006942924e-05 1.0
0.1666666716337204 -7.462826800974653e-08 2.291216151206754e-05 7.326000286411727e-06 -4.9423283599026036e-06 -7.1608551479585e-06 -3.2737094443291426e-05 1.0
0.20000000298023224 -3.1133029551710933e-05 4.0846847696229815e-05 -2.0138677427894436e-05 -1.1204770089534577e-06 7.506313977501122e-06 -4.3952459236606956e-05 1.0
0.23333333432674408 -9.798002793104388e-06 2.249014505650848e-05 1.0192930858465843e-05 -3.2624363939248724e-06 -1.3381046528593288e-06 -3.238856515963562e-05 1.0
0.2666666805744171 -1.877694194263313e-05 4.793014522874728e-05 -5.6482817853975575e-06 6.72672149448772e-06 4.173153683950659e-06 -3.863582605845295e-05 1.0
0.30000001192092896 -2.564019087003544e-05 4.6688506699865684e-05 -1.1334369446558412e-05 4.1785342546063475e-06 9.03615182323847e-06 -3.399583511054516e-05 1.0
0.3333333432674408 -2.589866198832169e-06 1.0419552381790709e-05 1.3182836482883431e-05 -8.718083336134441e-06 -2.935094016720541e-06 -2.6016106858151034e-05 1.0
0.36666667461395264 -3.117073674729909e-06 1.457773305446608e-05 8.817562957119662e-06 -1.021120715449797e-05 -2.38727920987003e-06 -2.945578671642579e-05 1.0
0.4000000059604645 -3.878115603583865e-05 8.913474448490888e-05 -3.77678225049749e-05 2.325782952539157e-05 1.05521557998145e-05 -6.295511411735788e-05 1.0
0.4333333373069763 -2.064117325062398e-05 2.521053102100268e-05 -1.244684881385183e-05 -3.936898792744614e-06 3.7779875583510147e-06 -3.5758283047471195e-05 1.0
0.46666666865348816 -8.429861736658495e-06 6.232313808141043e-06 2.2211768737179227e-05 -1.0472533176653087e-05 8.378628990612924e-07 -2.4789680537651293e-05 1.0
0.5 -4.4857963075628504e-05 7.759327854728326e-05 -2.6154120860155672e-05 1.86497563845478e-05 1.5579764294670895e-05 -5.9275309467921034e-05 1.0
0.5333333611488342 -2.555422906880267e-05 3.6051082133781165e-05 -1.770440758264158e-05 8.043797379286843e-07 5.923192020418355e-06 -3.4233486076118425e-05 1.0
0.5666666626930237 -3.6808502045460045e-05 6.34288226137869e-05 -2.5646471840445884e-05 1.7225576812052168e-05 1.3662118362844922e-05 -4.245391392032616e-05 1.0
0.6000000238418579 1.4465141475739074e-06 1.5481517039006576e-05 2.865921487682499e-05 -4.128452928853221e-06 -5.193211563891964e-06 -2.9353610443649814e-05 1.0
0.6333333253860474 -2.5344686946482398e-05 4.3148156692041084e-05 -9.360003787151072e-06 4.554837687464897e-06 9.058840078068897e-06 -3.025855949090328e-05 1.0
0.6666666865348816 -1.4624139112129342e-05 2.447448241582606e-05 9.456400675844634e-07 -3.6803396596951643e-06 4.66944675281411e-06 -3.689503500936553e-05 1.0
0.699999988079071 8.757255272939801e-06 2.580782165750861e-05 1.837213130784221e-05 2.7622336347121745e-06 -9.34392028284492e-06 -3.105253563262522e-05 1.0
0.7333333492279053 -5.199399311095476e-05 5.694634819519706e-05 -4.5100950956111774e-05 2.1988887510815402e-06 1.3525622307497542e-05 -4.284198803361505e-05 1.0
0.7666666507720947 -1.1996062312391587e-05 3.119975735899061e-05 6.346880581986625e-06 3.5539806049200706e-06 5.246389719104627e-06 -3.046166784770321e-05 1.0
0.800000011920929 -3.998441752628423e-05 4.468071347218938e-05 -3.083925912505947e-05 -2.36462551583827e-06 1.433532997907605e-05 -3.747704977286048e-05 1.0
0.8333333134651184 3.589795142033836e-06 1.1560530765564181e-05 8.606683877587784e-06 -1.2633614460355602e-05 -1.0526830919843633e-05 -2.7318697902956046e-05 1.0
0.8666666746139526 -2.7595660867518745e-05 3.774344804696739e-05 -1.78254322236171e-05 9.012309192257817e-07 9.587458407622762e-06 -3.665161784738302e-05 1.0
0.8999999761581421 -3.0394330678973347e-05 4.382786210044287e-05 -1.3625527572003193e-05 8.492047527397517e-06 1.0307929187547415e-05 -3.634084350778721e-05 1.0
0.9333333373069763 -6.302836845861748e-05 5.392114690039307e-05 -4.495964094530791e-05 4.670665475714486e-06 2.716452581807971e-05 -3.7352092476794496e-05 1.0
0.9666666388511658 -3.074285632465035e-05 6.091648174333386e-05 -1.9243641872890294e-05 1.710301876300946e-05 1.2677718586928677e-05 -2.9407256079139188e-05 1.0
1.0 2.7944438443228137e-06 2.0428346033440903e-05 1.7145866877399385e-05 -1.9168442122463603e-06 -2.2279214135778602e-06 -2.4592995032435283e-05 1.0
1.0333333015441895 -3.2255935366265476e-05 4.502350930124521e-05 -2.9858460038667545e-05 4.3845238906214945e-06 1.0374585144745652e-05 -4.220296978019178e-05 1.0
1.0666667222976685 -8.07722426543478e-06 2.3189526473288424e-05 1.5900603102636524e-05 -1.2557792672396317e-07 3.36017774316133e-06 -3.016180380654987e-05 1.0
1.100000023841858 -2.2283279577095527e-06 2.116303949151188e-05 5.360423074307619e-07 -6.674763426417485e-06 -5.116807642480126e-06 -3.649641075753607e-05 1.0
1.1333333253860474 -8.624466317996848e-06 3.38196950906422e-05 1.8663598666535108e-07 2.030335963354446e-06 -1.2803538993466645e-06 -3.019881660293322e-05 1.0
1.1666666269302368 -3.336904774187133e-05 4.8629804950905964e-05 -2.028881681326311e-05 6.573123755515553e-06 9.720298294269014e-06 -5.161494482308626e-05 1.0
1.2000000476837158 -1.1805225767602678e-05 3.3898129913723096e-05 6.905104328325251e-07 -8.209990483010188e-07 2.280060698467423e-06 -3.3846892620204017e-05 1.0
1.2333333492279053 -7.595079750899458e-06 2.0310410036472604e-05 1.4300811926659662e-05 -5.291838988341624e-06 2.0824231796723325e-06 -2.9650307624251582e-05 1.0
1.2666666507720947 -4.146110586589202e-05 4.998958684154786e-05 -2.2972040824242868e-05 -7.113271180969605e-07 1.609900573384948e-05 -4.8069749027490616e-05 1.0
1.2999999523162842 -6.207621481735259e-05 6.885454058647156e-05 -2.287191091454588e-05 2.313726145075634e-05 2.084654443024192e-05 -4.1386272641830146e-05 1.0
1.3333333730697632 -4.241189526510425e-05 7.517611811636016e-05 -4.416509182192385e-05 1.5642503058188595e-05 1.0332551937608514e-05 -5.304877777234651e-05 1.0
1.3666666746139526 -1.2705964763881639e-05 1.8940654626931064e-05 1.185046676255297e-05 -6.406554803106701e-06 3.9799147089070175e-06 -2.92414133582497e-05 1.0
1.399999976158142 -2.673776407391415e-06 1.7037022189470008e-05 5.196930942474864e-06 -9.206735740008298e-06 -3.5650477911985945e-06 -2.654270974744577e-05 1.0
1.4333332777023315 -1.7525791918160394e-05 4.380733662401326e-05 2.56501294870759e-07 6.946672328922432e-06 5.325046913640108e-06 -3.370233389432542e-05 1.0
1.4666666984558105 -2.1011603166698478e-05 4.2896961531369016e-05 -1.4357400687003974e-05 3.99303326048539e-06 1.6650624274916481e-06 -4.15974973293487e-05 1.0
1.5 -3.161906533932779e-06 2.7928172130486928e-05 6.1377959355013445e-06 -1.262801106349798e-06 -3.6670733152277535e-06 -3.98741067328956e-05 1.0
1.5333333015441895 -0.00010938090417766944 0.00011753169383155182 -8.975050150183961e-05 4.90071288368199e-05 2.4504915927536786e-05 -9.64235732681118e-05 1.0
1.5666667222976685 -3.651786391856149e-05 5.429097291198559e-05 -1.7405212929588743e-05 1.0770227163447998e-05 9.645859790907707e-06 -4.4654065277427435e-05 1.0
1.600000023841858 -5.612788663711399e-05 8.146592881530523e-05 -4.796315261046402e-05 2.1575393475359306e-05 2.3756565497023985e-05 -4.526977863861248e-05 1.0
1.6333333253860474 -2.230555946880486e-05 4.232251376379281e-05 -9.538232006889302e-06 5.510902155947406e-06 3.434793597989483e-06 -4.0097347664413974e-05 1.0
1.6666666269302368 -1.434072146366816e-05 3.404159360798076e-05 3.427971478231484e-06 3.1633933303965023e-06 4.1877265175571665e-06 -3.740876854863018e-05 1.0
1.7000000476837158 -3.2958090741885826e-05 4.707422340288758e-05 -1.983239417313598e-05 4.742882538266713e-06 1.0459129043738358e-05 -3.342179843457416e-05 1.0
1.7333333492279053 -9.633684385335073e-06 2.787099037959706e-05 1.1491972600197187e-06 2.6302002424927196e-06 1.9395774870645255e-06 -2.8791431759600528e-05 1.0
1.7666666507720947 -3.383506918908097e-05 5.155810504220426e-05 -2.9505190468626097e-05 5.598674306384055e-06 7.651419764442835e-06 -5.3027884860057384e-05 1.0
1.7999999523162842 -6.28781272098422e-05 5.89881201449316e-05 -3.9895614463603124e-05 1.0851819752133451e-05 2.1290241420501843e-05 -3.843326703645289e-05 1.0
1.8333333730697632 -7.473026198567823e-05 9.103772026719525e-05 -6.771356129320338e-05 2.630244671308901e-05 2.8591486625373363e-05 -5.8013334637507796e-05 1.0
1.8666666746139526 -4.1073937609326094e-05 5.2867730119032785e-05 -2.587113885965664e-05 1.314004202868091e-05 1.723701279843226e-05 -3.938018562621437e-05 1.0
1.899999976158142 -3.110911347903311e-05 3.6948589695384726e-05 -2.526028583815787e-05 9.683444091024285e-08 7.0530245466216e-06 -3.893053508363664e-05 1.0
1.9333332777023315 -1.4572896361642051e-05 2.833846338035073e-05 -8.91157742444193e-06 1.3215126273280475e-06 2.594503484942834e-06 -3.086305514443666e-05 1.0
1.9666666984558105 -4.394858842715621e-05 6.063354521756992e-05 -2.939267324109096e-05 1.2892433005617931e-05 1.4193475180945825e-05 -3.809638292295858e-05 1.0
2.0 -4.931058811052935e-06 2.0144716472714208e-05 1.0029323675553314e-05 -3.843044396489859e-06 -4.093287316209171e-06 -2.6312662157579325e-05 1.0
2.0333333015441895 -4.455290309124393e-06 -1.9498208985169185e-06 2.2135614926810376e-05 -1.5747480574646033e-05 -5.380520633480046e-06 -1.2234602763783187e-05 1.0
2.066666603088379 -4.580966560752131e-05 4.0011847886489704e-05 -3.3615917345741764e-05 6.580081844731467e-06 2.019521707552485e-05 -2.4195871446863748e-05 1.0
2.0999999046325684 -1.784764936019201e-05 3.899159491993487e-05 -5.063612206868129e-06 1.0205130820395425e-06 3.1211593523039483e-06 -4.482268923311494e-05 1.0
2.133333444595337 -2.8830116207245737e-05 4.650625487556681e-05 -1.3625097381009255e-05 1.2820651136280503e-05 1.0331102203053888e-05 -3.160846245009452e-05 1.0
2.1666667461395264 -1.2107799193472601e-05 1.7312904674327e-05 5.210154995438643e-06 -3.4125337151635904e-06 4.867260031460319e-06 -2.1852560166735202e-05 1.0
2.200000047683716 -3.425782415433787e-05 5.893267007195391e-05 -1.588385202921927e-05 1.7444508557673544e-05 1.467564197810134e-05 -2.9025144613115117e-05 1.0
2.2333333492279053 -8.140925638144836e-05 6.158311589388177e-05 -4.263340088073164e-05 3.0036479074624367e-05 3.123177884845063e-05 -6.764756835764274e-05 1.0
2.2666666507720947 -4.51982268714346e-05 5.849292574566789e-05 -3.146095332340337e-05 1.6122308807098307e-05 1.447410431865137e-05 -4.6872464736225083e-05 1.0
2.299999952316284 -1.3999614566273522e-05 4.6226600716181565e-06 8.012839884941059e-07 -1.4472889233729802e-05 1.560824784974102e-06 -2.4519822545698844e-05 1.0
2.3333332538604736 -1.2391736163408495e-05 1.15002640086459e-05 8.295111001643818e-06 -7.072572770994157e-06 6.0353436310833786e-06 -2.3839111236156896e-05 1.0
2.366666555404663 -2.90455009235302e-05 4.4792490371037275e-05 1.0188041414949112e-06 1.5389317923109047e-05 1.2169216461188626e-05 -2.6309511667932384e-05 1.0
2.4000000953674316 -5.160124783287756e-05 7.611504406668246e-05 -4.431968409335241e-05 1.2324107956374064e-05 1.6461097402498126e-05 -4.6535180445061997e-05 1.0
2.433333396911621 -5.313630390446633e-05 5.612726090475917e-05 -3.8148893509060144e-05 1.7984471924137324e-05 1.8787852241075598e-05 -4.85589298477862e-05 1.0
2.4666666984558105 -1.75690911419224e-05 3.913364344043657e-05 -1.6189816960832104e-05 3.315166395623237e-06 5.6086496442731e-06 -2.8759939596056938e-05 1.0
2.5 -9.9380429219309e-07 3.4651937312446535e-05 1.3441898772725835e-05 7.148655186028918e-06 -3.0655535283585778e-06 -3.4910761314677075e-05 1.0
2.5333333015441895 -7.192930752353277e-06 1.7415120964869857e-05 1.5983832781785168e-05 -4.49525578005705e-06 4.7091548367461655e-06 -2.7378082450013608e-05 1.0
2.566666603088379 -1.3365991435421165e-05 3.815838135778904e-05 4.279753284208709e-06 -3.8430141557910247e-07 2.64530035565258e-06 -3.7846999475732446e-05 1.0
2.5999999046325684 -2.76091554951563e-06 2.2372025341610424e-05 2.0956933440174907e-05 -2.1537060490572912e-07 -2.0859924916294403e-06 -2.954549745481927e-05 1.0
2.633333444595337 -4.384067506180145e-05 5.829239307786338e-05 -2.6953484848490916e-05 1.3618081538879778e-05 1.4700392057420686e-05 -4.872190038440749e-05 1.0
2.6666667461395264 -1.169252300314838e-05 3.7908743252046406e-05 -2.998072886839509e-06 3.353774673087173e-06 4.485620138439117e-06 -3.9047688915161416e-05 1.0
2.700000047683716 -2.374474388489034e-05 2.7645235604722984e-05 -3.910409759555478e-06 5.365708943827485e-07 9.891859917843249e-06 -3.131270932499319e-05 1.0
2.7333333492279053 -1.0770088920253329e-05 1.3975307410873938e-05 6.179740807965572e-07 -6.915361609571846e-06 1.3344861145014875e-06 -2.805448093567975e-05 1.0
2.7666666507720947 -2.588400457170792e-05 5.089092519483529e-05 -1.8531864043325186e-05 1.1542175343493e-05 7.063498287607217e-06 -4.607906885212287e-05 1.0
2.799999952316284 -2.0558383766910993e-05 3.1780218705534935e-05 -1.3205146387917921e-05 -3.935871063731611e-06 4.743246790894773e-06 -4.2920866690110415e-05 1.0
2.8333332538604736 -1.1647181963780895e-05 2.707798921619542e-05 8.487840204907116e-06 -1.945432586580864e-06 3.5786288208328187e-06 -3.2531661418033764e-05 1.0
2.866666555404663 -2.0612224034266546e-05 3.732380355359055e-05 -5.938125468674116e-06 4.622582309821155e-06 9.01901330507826e-06 -3.04595068882918e-05 1.0
2.9000000953674316 -1.5102867109817453e-05 2.2447005903813988e-05 -1.3320836842467543e-06 -5.9920544117630925e-06 3.176766767865047e-06 -3.8458067137980834e-05 1.0
2.933333396911621 -8.929478099162225e-06 8.117943252727855e-06 -1.938494278874714e-06 -1.3210452380008064e-05 1.5108383877304732e-06 -2.418284748273436e-05 1.0
2.9666666984558105 -4.617687955033034e-05 3.614946763264015e-05 -4.031234857393429e-05 -1.128401345340535e-05 4.6065906644798815e-07 -3.884630132233724e-05 1.0
3.0 -5.8351301959191915e-06 -4.939922291669063e-06 -2.7575331387197366e-06 -2.6992995117325336e-05 -6.410789865185507e-06 -2.1532634491450153e-05 1.0
3.0333333015441895 -5.670484881648008e-08 1.167597383755492e-05 1.3877911442250479e-05 -9.785882866708562e-06 -8.166209681803593e-07 -2.6867470296565443e-05 1.0
3.066666603088379 -1.4372733858181164e-05 3.4937089367304e-05 2.239353761979146e-06 2.3708599883320858e-07 2.6948830509354593e-06 -4.3996442400384694e-05 1.0
3.0999999046325684 -2.9028020435362123e-05 3.781665145652369e-05 -1.666653224674519e-05 2.351581088078092e-06 1.0075767022499349e-05 -3.8670419598929584e-05 1.0
3.133333444595337 -4.128369255340658e-05 6.809161277487874e-05 -3.0283601518021896e-05 1.9917728423024528e-05 1.1419746442697942e-05 -5.141676592756994e-05 1.0
3.1666667461395264 -8.09750872576842e-06 1.4337624634208623e-05 -4.660204808715207e-07 -1.1981251191173214e-05 8.048695576690079e-07 -3.41829945682548e-05 1.0
3.200000047683716 -3.081007525906898e-05 3.931096216547303e-05 -3.0100954973022453e-05 -6.091014626008473e-08 8.329609045176767e-06 -4.06388207920827e-05 1.0
3.2333333492279053 -5.08282428199891e-05 5.77550963498652e-05 -4.267384429113008e-05 9.571213922754396e-06 1.67418438650202e-05 -4.32300366810523e-05 1.0
3.2666666507720947 -1.2651281394937541e-05 2.886994661821518e-05 8.865637028065976e-06 1.2783415286321542e-06 3.8894704630365595e-06 -3.53544601239264e-05 1.0
3.299999952316284 -2.4945355107774958e-05 3.54442854586523e-05 -1.986412280530203e-05 4.2163123907812405e-06 6.844953077234095e-06 -3.4148011764045805e-05 1.0
3.3333332538604736 -1.1388507346055121e-06 1.092239108402282e-05 1.4926133189874236e-05 -8.282408998638857e-06 -8.448875519206922e-07 -1.9647071894723922e-05 1.0
3.366666555404663 -6.46581465844065e-05 8.630964293843135e-05 -6.068371294531971e-05 2.171881715185009e-05 2.3506207071477547e-05 -4.658652323996648e-05 1.0
3.4000000953674316 -1.6551261069253087e-05 3.477584687061608e-05 -1.0327167728974018e-05 1.102945475395245e-06 3.2929599456110736e-06 -3.7461133615579456e-05 1.0
3.433333396911621 -0.00010147395369131118 8.525309385731816e-05 -7.930696301627904e-05 2.9733320843661204e-05 2.5457118681515567e-05 -7.934821769595146e-05 1.0
3.4666666984558105 -1.1123762305942364e-05 2.378494718868751e-05 1.369932488159975e-05 1.0571764050837373e-06 3.0566129680664744e-06 -3.460103471297771e-05 1.0
3.5 -8.325088128913194e-05 9.027607302414253e-05 -5.2568215323844925e-05 3.5949920857092366e-05 2.3278193111764267e-05 -7.981963426573202e-05 1.0
3.5333333015441895 -2.537225191190373e-05 6.836785905761644e-05 -2.361480801482685e-05 1.7231115634785965e-05 2.8860108614026103e-06 -5.6205848522949964e-05 1.0
3.566666603088379 -3.531735637807287e-05 6.415783718694001e-05 -1.5034978787298314e-05 1.7075346477213316e-05 9.289077752328012e-06 -5.1196326239733025e-05 1.0
3.5999999046325684 -9.605829109204933e-05 9.2848546046298e-05 -8.361830987269059e-05 2.68806834355928e-05 2.6037221687147394e-05 -9.296356438426301e-05 1.0
3.633333444595337 -1.545497616461944e-05 1.8347878722124733e-05 7.886625894570898e-07 -2.869756144718849e-06 6.101747658249224e-06 -2.448908708174713e-05 1.0
3.6666667461395264 -2.3473107830795925e-06 3.0839102691970766e-05 1.6051200873334892e-05 1.4486298596239067e-06 1.917890983804682e-07 -4.357315629022196e-05 1.0
3.700000047683716 -6.606119131902233e-05 9.819064871408045e-05 -8.181423618225381e-05 1.6657058949931525e-05 1.8254406313644722e-05 -6.935928104212508e-05 1.0
3.7333333492279053 -4.996212010155432e-05 8.544576849089935e-05 -6.038453648216091e-05 9.015358045871835e-06 1.2748902008752339e-05 -6.463913450716063e-05 1.0
3.7666666507720947 2.268538310090662e-06 2.5998491764767095e-05 2.3426002371707e-05 4.749398101466795e-07 -4.27363374910783e-06 -3.3903921575983986e-05 1.0
3.799999952316284 -3.467222268227488e-05 4.9626672989688814e-05 -1.6447584130219184e-05 1.8535152776166797e-05 1.5173076462815516e-05 -3.726098293554969e-05 1.0
3.8333332538604736 -6.786684025428258e-06 2.273866266477853e-05 7.884418664616533e-06 2.564319174780394e-07 -1.2666951079154387e-06 -2.9910426746937446e-05 1.0
3.866666555404663 -5.7377928897039965e-05 9.133620915235952e-05 -6.320076499832794e-05 1.5206614989438094e-05 1.8053100575343706e-05 -6.483642209786922e-05 1.0
3.9000000953674316 -2.0292245608288795e-05 2.6705853088060394e-05 -2.2522041035699658e-05 -1.056962355505675e-05 3.449943619671103e-07 -3.3613439882174134e-05 1.0
3.933333396911621 -4.724696555058472e-05 7.653707143617794e-05 -4.264609015081078e-05 1.2206161954964045e-05 1.3256297279440332e-05 -6.474898691521958e-05 1.0
3.9666666984558105 -3.927146099158563e-05 6.45847903797403e-05 -1.4818965610174928e-05 2.451840555295348e-05 1.5791849364177324e-05 -4.6075463615125045e-05 1.0
4.0 -2.4767319700913504e-05 2.7504789613885805e-05 -3.778907057494507e-06 8.779858035268262e-06 1.0315645340597257e-05 -3.396961619728245e-05 1.0
4.0333333015441895 -1.4439794540521689e-05 3.6867233575321734e-05 -9.84536882242537e-07 4.9493578444526065e-06 3.990460299974075e-06 -3.58276920451317e-05 1.0
4.066666603088379 -2.0608751583495177e-05 3.9823709812480956e-05 -1.1568103218451142e-05 2.4666103399795247e-06 6.057125574443489e-06 -4.163825360592455e-05 1.0
4.099999904632568 -2.9294735213625245e-05 4.241185888531618e-05 -1.576469549036119e-05 5.856783445779001e-06 1.1115897905256134e-05 -3.770797047764063e-05 1.0
4.133333206176758 -1.2509419320849702e-05 3.141980050713755e-05 -4.394355073600309e-06 1.1620855957517051e-06 5.097247139929095e-07 -3.370631020516157e-05 1.0
4.166666507720947 -1.1657491086225491e-05 1.814760616980493e-05 6.8420827119553e-06 -8.928263014240656e-06 4.503041964198928e-06 -3.110198304057121e-05 1.0
4.199999809265137 -2.2649132915830705e-06 2.373462302784901e-05 1.8927594283013605e-05 -1.2073055586370174e-06 -1.3586380873675807e-06 -3.3303302188869566e-05 1.0
4.233333110809326 -4.644137152354233e-05 6.715588096994907e-05 -3.895336340065114e-05 2.1559468223131262e-05 9.790314834390301e-06 -5.146039620740339e-05 1.0
4.266666889190674 4.963298124494031e-06 2.5076176825677976e-05 1.9501296264934354e-05 -3.368609213794116e-06 -5.3232224672683515e-06 -3.2759686291683465e-05 1.0
4.300000190734863 -2.552024307078682e-05 3.860741344396956e-05 -1.5225980860122945e-05 4.262924448994454e-06 6.540202775795478e-06 -3.487080903141759e-05 1.0
4.333333492279053 -3.531368565745652e-05 4.07429070037324e-05 -6.510018920380389e-06 2.0736786154884612e-07 1.041971245285822e-05 -3.8534159102709964e-05 1.0
4.366666793823242 -8.861991227604449e-05 7.879478653194383e-05 -4.721462755696848e-05 3.695501436595805e-05 3.332159394631162e-05 -5.191513628233224e-05 1.0
4.400000095367432 -9.438480446988251e-06 1.4977174032537732e-05 7.750037184450775e-06 -8.065145266300533e-06 1.3282631243782816e-06 -3.1815230613574386e-05 1.0
4.433333396911621 -2.5912938781402772e-06 1.9804734620265663e-05 1.7593343727639876e-05 -4.921731488138903e-06 -1.1193740192538826e-06 -2.4167064111679792e-05 1.0
4.4666666984558105 -4.7798377636354417e-05 5.032302578911185e-05 -2.823538306984119e-05 8.762219295022078e-06 1.7016882338793948e-05 -4.6301258407766e-05 1.0
4.5 -2.1296227714628913e-05 3.9653637941228226e-05 -1.0476502211531624e-05 6.388744964169746e-07 2.603482926133438e-06 -3.491135430522263e-05 1.0
4.5333333015441895 -4.524314499576576e-05 6.124121864559129e-05 -4.1024250094778836e-05 1.2027765478705987e-05 1.3282760846777819e-05 -4.15734903072007e-05 1.0
4.566666603088379 -2.5610183001845144e-05 4.252451617503539e-05 -2.7845500881085172e-05 -1.990232476600795e-06 1.7247622281502117e-06 -4.893418736173771e-05 1.0
4.599999904632568 1.359515977128467e-06 1.6869693354237825e-05 1.1805020221800078e-05 -6.67135464027524e-06 -3.6485230339167174e-06 -3.0306417102110572e-05 1.0
4.633333206176758 -2.6614345188136213e-05 3.4860149753512815e-05 -1.448491821065545e-05 2.5519866539980285e-06 6.925386969669489e-06 -4.2863477574428543e-05 1.0
4.666666507720947 -3.763515633181669e-05 5.140998837305233e-05 -2.197846151830163e-05 6.707503416691907e-06 1.4305050171969924e-05 -4.185099896858446e-05 1.0
4.699999809265137 -6.1965538407093845e-06 3.055891647818498e-05 6.702409336867277e-06 -3.6995334085077047e-06 -1.7065610791178187e-06 -3.9981976442504674e-05 1.0
4.733333110809326 -2.889905772462953e-05 5.378245623433031e-05 -1.8228967746836133e-05 1.029775921779219e-05 1.1384779099898878e-05 -3.488673610263504e-05 1.0
4.766666889190674 -9.758135092852172e-06 3.0945680919103324e-05 2.33325863518985e-06 6.65014749756665e-06 3.1843208034842974e-06 -2.8728896722896025e-05 1.0
4.800000190734863 -2.6420724680065177e-05 4.182594784651883e-05 -3.5621058486867696e-05 -8.598526619607583e-06 -6.093528554629302e-06 -5.812731251353398e-05 1.0
4.833333492279053 -2.313946606591344e-05 3.982002817792818e-05 -1.3734386811847799e-05 2.7107844289275818e-06 7.622640623594634e-06 -3.639956412371248e-05 1.0
4.866666793823242 -2.3470539289860426e-08 1.0410456525278278e-05 2.3241878807311878e-05 -7.105880740709836e-06 -5.135899527886068e-07 -2.6061326934723184e-05 1.0
4.900000095367432 -4.85805758216884e-05 4.929006900056265e-05 -1.6728041373426095e-05 4.940811322740046e-06 1.2535610949271359e-05 -5.222658728598617e-05 1.0
4.933333396911621 -3.995044971816242e-05 3.280499731772579e-05 -2.5078606995521113e-05 -4.441757027962012e-06 1.4616039152315352e-05 -4.588294177665375e-05 1.0
4.9666666984558105 -1.4387944247573614e-05 2.6273599360138178e-05 -2.544462063269748e-07 8.327651812578551e-07 1.6811829937068978e-06 -3.842642763629556e-05 1.0
5.0 -9.237648555426858e-06 2.9768680178676732e-05 3.845541868940927e-06 1.3903481885790825e-06 2.3104810509266827e-07 -3.359879337949678e-05 1.0
5.0333333015441895 -5.525888263946399e-05 8.216606511268765e-05 -5.2078838052693754e-05 1.9057237295783125e-05 1.2780464203387965e-05 -6.412735092453659e-05 1.0
5.066666603088379 -3.564314101822674e-05 4.791323226527311e-05 -2.6277271899743937e-05 1.2891743608633988e-05 9.652378139435314e-06 -4.076836194144562e-05 1.0
5.099999904632568 -3.4502318158047274e-05 2.8503751309472136e-05 -1.8543718397268094e-05 2.747183316387236e-06 1.7255337297683582e-05 -2.0503975974861532e-05 1.0
5.133333206176758 2.9155935408198275e-06 1.8563181583886035e-05 2.049855174846016e-05 -3.842787009489257e-06 -6.296663286775583e-06 -3.089629171881825e-05 1.0
5.166666507720947 -1.8872960936278105e-05 3.742379340110347e-05 -9.79702417680528e-06 9.701934686745517e-06 7.725864634267054e-06 -3.402627044124529e-05 1.0
5.199999809265137 -1.8625602024258114e-05 2.7241683710599318e-05 -2.3341151518252445e-06 -2.0585373476933455e-06 4.564243226923281e-06 -4.450549022294581e-05 1.0
5.233333110809326 -4.2546696931822225e-05 4.5349559513852e-05 -2.4442711946903728e-05 6.652051524724811e-06 1.4397483028005809e-05 -3.847054176731035e-05 1.0
5.266666889190674 -4.965845073456876e-05 6.233719614101574e-05 -3.147973620798439e-05 1.0727569133450743e-05 2.0507737644948065e-05 -5.538999175769277e-05 1.0
5.300000190734863 -2.278230749652721e-05 3.3320891816401854e-05 -8.554236956115346e-06 2.1442401703097858e-06 9.131976185017265e-06 -3.971836849814281e-05 1.0
5.333333492279053 -3.362139977980405e-05 3.690566882141866e-05 -4.4301337766228244e-05 -5.886375674890587e-06 4.707093921751948e-06 -4.409023676998913e-05 1.0
5.366666793823242 -1.0664544447536173e-07 1.718611383694224e-05 4.307479684939608e-06 -4.986340172763448e-06 -4.503022864810191e-06 -2.419786324026063e-05 1.0
5.400000095367432 -2.571338518464472e-05 4.413254646351561e-05 -7.3316573434567545e-06 4.242103841534117e-06 5.88732609685394e-06 -3.9723614463582635e-05 1.0
5.433333396911621 -4.5598608267027885e-05 5.331687134457752e-05 -2.7273676096228883e-05 1.2296863133087754e-05 1.6642226910335012e-05 -3.0249404517235234e-05 1.0
5.4666666984558105 -2.2610041924053803e-05 6.509755621664226e-05 -1.6382271496695466e-05 1.6776513803051785e-05 6.766204933228437e-06 -5.575237810262479e-05 1.0
5.5 -2.169252729800064e-05 3.9008926250971854e-05 -8.551489258934453e-07 6.247849171359121e-08 8.882899237505626e-06 -3.6557845305651426e-05 1.0
5.5333333015441895 -3.815049785771407e-05 4.0922539483290166e-05 -2.4800683604553342e-05 4.337978680268861e-06 1.6631543985567987e-05 -2.3885917471488938e-05 1.0
5.566666603088379 -2.8508646209957078e-05 4.8555000830674544e-05 -2.0517603843472898e-05 1.2374029211059678e-05 9.742720067151822e-06 -3.455653495620936e-05 1.0
5.599999904632568 -2.469147148076445e-05 5.738448089687154e-05 -1.9862662156810984e-05 1.7135904272436164e-05 8.10492110758787e-06 -3.7661455280613154e-05 1.0
5.633333206176758 -5.5264870752580464e-05 8.240977331297472e-05 -3.280583769083023e-05 1.534387411084026e-05 1.7104597645811737e-05 -7.31934342184104e-05 1.0
5.666666507720947 -2.0026609490741976e-05 2.491787563485559e-05 2.7931375825573923e-06 -1.224206334882183e-05 6.426961590477731e-06 -3.953983832616359e-05 1.0
5.699999809265137 -4.873530997429043e-05 3.715746061061509e-05 -3.128639218630269e-05 1.0200391443504486e-05 1.9996385162812658e-05 -3.373047729837708e-05 1.0
5.733333110809326 -3.164671215927228e-05 5.59345462534111e-05 -2.262893394799903e-05 2.1909410861553624e-05 8.31771922094049e-06 -4.292946687201038e-05 1.0
5.766666889190674 -3.803204162977636e-05 5.2198160119587556e-05 -3.030840707651805e-05 2.191841758758528e-06 1.4477727745543234e-05 -5.341697396943346e-05 1.0
5.800000190734863 -4.08142659580335e-05 7.234260556288064e-05 -2.516809217922855e-05 1.2532475011539645e-05 1.715813959890511e-05 -4.6229786676121876e-05 1.0
5.833333492279053 -3.5948689856013516e-06 2.1137539079063572e-05 2.053440994131961e-06 -3.892221229762072e-06 -2.769498621546518e-07 -3.5200431739212945e-05 1.0
5.866666793823242 2.7615856197371613e-06 4.32353735959623e-05 1.665821037022397e-05 1.379224795527989e-05 -4.803651791007724e-06 -4.367823203210719e-05 1.0
5.900000095367432 -8.16570536699146e-06 1.6070020137703978e-05 2.100876190525014e-05 1.6000141158656334e-06 9.816727470024489e-06 -2.3751703338348307e-05 1.0
5.933333396911621 -4.705004903371446e-05 4.995772542315535e-05 -2.1593492419924587e-05 1.5185532902250998e-05 2.0689347365987487e-05 -4.212656494928524e-05 1.0
5.9666666984558105 -2.837956890289206e-05 3.713494152179919e-05 -1.1288372661510948e-05 -9.352370398119092e-07 1.330122358922381e-05 -3.7380064895842224e-05 1.0
6.0 2.97530186799122e-06 2.3795948436600156e-05 2.0978724933229387e-05 2.3169416181190172e-06 -3.4465829230612144e-06 -2.4903387384256348e-05 1.0
6.0333333015441895 -2.7049691198044457e-05 5.4530817578779534e-05 -3.055045090150088e-05 1.1727664968930185e-05 4.568829808704322e-06 -4.9549489631317556e-05 1.0
6.066666603088379 -3.016219852725044e-05 5.877890362171456e-05 -2.1797641238663346e-05 1.6705987945897505e-05 1.1962379176111426e-05 -3.450814983807504e-05 1.0
6.099999904632568 -2.8854163247160614e-05 5.772279837401584e-05 -1.2528789739008062e-05 1.2509992302511819e-05 1.0039368135039695e-05 -4.483614247874357e-05 1.0
6.133333206176758 -1.6411771866842173e-05 1.883940421976149e-05 -4.970422196493018e-06 -5.969018729956588e-06 3.8098241930129007e-06 -2.949329609691631e-05 1.0
6.166666507720947 -3.161147469654679e-05 4.4496264308691025e-05 -1.7264348571188748e-05 4.487767000682652e-06 1.1570868991839234e-05 -4.296879706089385e-05 1.0
6.199999809265137 -9.95649770629825e-06 3.415110404603183e-05 4.11417067880393e-06 1.9101794350717682e-06 -3.1750978450872935e-06 -4.344416447565891e-05 1.0
6.233333110809326 -2.2180085579748265e-05 3.568582178559154e-05 -1.0588447366899345e-05 -6.392700925061945e-06 3.9203555388667155e-06 -3.52742281393148e-05 1.0
6.266666889190674 -0.00012466870248317719 0.00011035323404939845 -0.00012160972255514935 3.4643504477571696e-05 4.3630327127175406e-05 -8.476753282593563e-05 1.0
6.300000190734863 -3.9749418647261336e-05 5.3125564591027796e-05 -3.116284642601386e-05 9.104647688218392e-06 1.4178102901496459e-05 -3.83243641408626e-05 1.0
6.333333492279053 -2.2197731595952064e-05 4.888739204034209e-05 -8.52058110467624e-06 1.0107739399245474e-05 8.87260557647096e-06 -3.538175587891601e-05 1.0
6.366666793823242 -3.8119951568660326e-06 9.497613973508123e-06 8.929419891501311e-06 -1.0293025297869463e-05 -1.34399056150869e-06 -2.2015585273038596e-05 1.0
6.400000095367432 -1.7055268472176977e-05 3.3382733818143606e-05 -4.3099807953694835e-06 4.290749075153144e-06 6.4932200984912924e-06 -3.107597876805812e-05 1.0
6.433333396911621 -3.488665970508009e-05 4.753920075017959e-05 -2.2781541701988317e-05 1.8511662347009405e-05 1.054612312145764e-05 -4.0138238546205685e-05 1.0
6.4666666984558105 4.059376806253567e-06 1.677664477028884e-05 1.2984934073756449e-05 -9.113470696320292e-06 -1.1338936019456014e-05 -3.130108234472573e-05 1.0
6.5 -1.996427727135597e-06 1.2456263903004583e-05 1.0328270036552567e-05 -1.4667864888906479e-05 -4.221225026412867e-06 -3.0553095712093636e-05 1.0
6.5333333015441895 2.9773318601655774e-06 1.2223229532537516e-05 2.337908517802134e-05 -4.562172307487344e-06 -3.935484528483357e-06 -2.256982770632021e-05 1.0
6.566666603088379 4.054833425470861e-06 1.6051495549618267e-05 1.4120098057901487e-05 -3.4671481898840284e-06 -3.585050535548362e-06 -2.4479450075887144e-05 1.0
6.599999904632568 -1.2830187188228592e-05 1.8961185560328886e-05 -8.590191100665834e-06 -4.685617568611633e-06 1.0568410289124586e-06 -2.4399694666499272e-05 1.0
6.633333206176758 -1.8417986211716197e-05 2.9909153454354964e-05 -5.101509259475279e-07 -7.774543746563722e-07 5.330552994564641e-06 -3.840697536361404e-05 1.0
6.666666507720947 -6.999597098911181e-05 7.557404751423746e-05 -6.132681301096454e-05 1.3563533684646245e-05 3.205877510481514e-05 -3.4548786061350256e-05 1.0
6.699999809265137 3.8149237298057415e-06 2.5901248591253534e-05 2.9086579161230475e-05 4.920388619211735e-06 -3.400779860385228e-06 -2.2743088265997358e-05 1.0
6.733333110809326 -1.5982508557499386e-05 1.1051072760892566e-05 -1.1827586604340468e-05 -9.93454614217626e-06 3.081145450778422e-06 -1.8084227122017182e-05 1.0
6.766666889190674 -1.3149520782462787e-05 3.24007123708725e-05 -3.0143974072416313e-06 3.2456734970764956e-06 5.017526746087242e-06 -3.052946340176277e-05 1.0
6.800000190734863 -2.6828405680134892e-05 5.054818029748276e-05 -3.348927202750929e-05 1.0335816114093177e-06 -1.1310103218420409e-06 -4.814617204829119e-05 1.0
6.833333492279053 -1.0633396414050367e-05 1.1705394172167871e-05 -3.182210775776184e-06 -8.977374818641692e-06 7.684011507080868e-07 -2.034788667515386e-05 1.0
6.866666793823242 -4.710409484687261e-05 5.389278521761298e-05 -2.4258204575744458e-05 1.513065944891423e-05 1.3168817531550303e-05 -5.839396908413619e-05 1.0
6.900000095367432 -0.00010614931670716032 0.00010278331319568679 -0.00011068715684814379 1.2669237548834644e-05 3.181285137543455e-05 -9.476356353843585e-05 1.0
6.933333396911621 -4.468128099688329e-05 5.483646964421496e-05 -4.281129804439843e-05 5.137108473718399e-06 1.50923233377398e-05 -4.804589843843132e-05 1.0
6.9666666984558105 -4.0001696106628515e-06 2.5566610929672606e-05 7.489509698643815e-06 7.554604053439107e-06 -6.657398330389697e-07 -2.798381137836259e-05 1.0
7.0 -3.044194272661116e-05 3.9867267332738265e-05 -8.257007721113041e-06 1.1295918739051558e-05 1.3576449418906122e-05 -2.8293676223256625e-05 1.0
7.0333333015441895 -6.933925078556058e-07 3.476082201814279e-05 -1.8963175534736365e-05 -7.95563721567305e-07 -1.3128252248861827e-05 -4.054322198498994e-05 1.0
7.066666603088379 -3.746746006072499e-05 4.7496421757387e-05 -3.4361302823526785e-05 3.7707297906308668e-06 1.315935605816776e-05 -4.0668743167771026e-05 1.0
7.099999904632568 -1.6334737665602006e-05 5.294214861351065e-05 -1.5131539839785546e-05 1.2228764717292506e-05 4.211864052194869e-06 -4.230456761433743e-05 1.0
7.133333206176758 -5.154723839950748e-05 6.742223195033148e-05 -2.6049932785099372e-05 2.768491867755074e-05 1.84299406100763e-05 -5.072736166766845e-05 1.0
7.166666507720947 -4.132706453674473e-05 4.721461300505325e-05 -1.6744035747251473e-05 1.8102202375303023e-05 1.9388859072932974e-05 -4.2099101847270504e-05 1.0
7.199999809265137 -4.771837666339707e-06 1.4930007637303788e-05 1.3658462194143794e-05 -1.3007966117584147e-06 2.0802015114895767e-06 -1.9164212062605657e-05 1.0
7.233333110809326 -1.9617642465163954e-05 3.8116446376079693e-05 -4.7766766329004895e-06 5.629350198432803e-06 6.316111466730945e-06 -3.5331500839674845e-05 1.0
7.266666889190674 -4.5713318286288995e-06 2.4057371774688363e-05 9.507144568488002e-06 1.2394296788897918e-07 1.0377251555837574e-06 -3.1500767363468185e-05 1.0
7.300000190734863 -5.293957201502053e-06 1.2654910278797615e-05 1.3535841389966663e-05 -2.148388830391923e-06 2.1945670596323907e-06 -1.7217573258676566e-05 1.0
7.333333492279053 -3.045498306164518e-05 5.163294918020256e-05 -2.1222553186817095e-05 1.4087069757806603e-05 1.1440400157880504e-05 -3.7851517845410854e-05 1.0
7.366666793823242 -2.3319527826970443e-05 3.0927130865165964e-05 3.609642817536951e-06 -1.2647322364500724e-05 5.829464498674497e-06 -3.644554453785531e-05 1.0
7.400000095367432 2.2610605299178133e-07 1.6201609469135292e-05 1.6887699530343525e-05 -4.663128038373543e-06 1.5315827113226987e-06 -2.2283433281700127e-05 1.0
7.433333396911621 4.32721026299987e-06 -9.71365011537273e-07 7.84829262556741e-06 -2.1940159058431163e-05 -7.926078978925943e-06 -1.365307343803579e-05 1.0
7.4666666984558105 -2.4865084924385883e-05 4.535719199338928e-05 -8.275625987153035e-06 1.4885560631228145e-05 1.4243412806536071e-05 -1.7919610399985686e-05 1.0
7.5 1.1094574801973067e-05 -9.14785596251022e-06 1.863845500338357e-05 -2.1753061446361244e-05 -5.758611223427579e-06 1.1858919606311247e-06 1.0
7.5333333015441895 -7.135750820452813e-06 1.2574028005474247e-05 9.624871381674893e-06 -4.439646545506548e-06 2.2280571556621e-06 -2.5031335098901764e-05 1.0
7.566666603088379 -8.933860954130068e-06 1.709685238893144e-05 9.417050023330376e-06 -5.624627647193847e-06 2.6901548153546173e-06 -3.184667002642527e-05 1.0
7.599999904632568 -2.4233184376498684e-05 3.392377038835548e-05 -2.0940928152413107e-05 -6.421380021492951e-06 1.2099844752810895e-06 -3.494075281196274e-05 1.0
7.633333206176758 -3.4294569672965736e-07 1.9786550183198415e-05 1.1439089576015249e-05 -5.252109986031428e-06 -3.433052143009263e-06 -2.2633690605289303e-05 1.0
7.666666507720947 2.406020757916849e-05 -1.2694830729742534e-05 3.947813456761651e-05 -3.627283149398863e-05 -1.43224278872367e-05 -9.037371455633547e-06 1.0
7.699999809265137 1.9749963030335493e-05 -3.2977204682538286e-05 4.9637343181530014e-05 -4.7899600758682936e-05 -5.5461223382735625e-06 1.0775364899018314e-05 1.0
7.733333110809326 2.325607965758536e-05 -3.568295869627036e-05 2.3708704247837886e-05 -4.441340934135951e-05 -1.3751953702012543e-05 2.2342017473420128e-05 1.0
7.766666889190674 2.0833818780374713e-05 -6.280334218899952e-06 2.9006620025029406e-05 -2.0218658391968347e-05 -1.0937204024230596e-05 4.674691354011884e-06 1.0
7.800000190734863 4.035819074488245e-05 -4.890803757007234e-05 4.154531779931858e-05 -7.473411824321374e-05 -1.863376201072242e-05 4.495542452787049e-05 1.0
7.833333492279053 5.8155083024757914e-06 4.0380477912549395e-06 2.377563578193076e-05 -3.874791946145706e-05 -5.277004220261006e-06 4.130386344058934e-07 1.0
7.866666793823242 7.756900231470354e-06 -6.507297712232685e-06 1.8073069441015832e-05 -2.2162479581311345e-05 -7.715537321928423e-06 -5.481653261085739e-06 1.0
7.900000095367432 -4.6012596612854395e-06 3.464163455646485e-05 -5.584956852544565e-06 2.1889476556680165e-05 -1.3851361018168973e-06 -2.0810053683817387e-05 1.0
7.933333396911621 -7.08553761796793e-06 2.7179255994269624e-05 1.6381885359351145e-07 5.82200709686731e-06 2.315510698736034e-07 -2.34047638514312e-05 1.0
7.9666666984558105 -1.4968514733482152e-05 1.8989045202033594e-05 -5.883800326955679e-07 -7.476855898858048e-06 4.503308446146548e-06 -3.262587415520102e-05 1.0
8.0 2.005941723837168e-06 3.0434226573561318e-05 3.7579802665277384e-06 6.225103334145388e-06 -1.3121510164637584e-05 -4.1605420847190544e-05 1.0
8.033333778381348 -3.1903986382531e-05 7.27601072867401e-05 -5.373622479964979e-05 6.112560367910191e-05 1.859690087258059e-06 -4.997889482183382e-05 1.0
8.066666603088379 -3.32450945279561e-05 6.609406409552321e-05 -4.080224971403368e-05 2.0647154087782837e-05 8.740645171201322e-06 -2.8888320230180398e-05 1.0
8.100000381469727 1.8892607840825804e-05 1.2312956641835626e-05 5.85622874496039e-05 -1.771241659298539e-05 -2.4771392418188043e-05 -1.0033720172941685e-05 1.0
8.133333206176758 -9.550502909405623e-06 5.3662814025301486e-05 2.2873675334267318e-05 4.552712562144734e-05 -1.8837656170944683e-05 -7.212688069557771e-05 1.0
8.166666984558105 1.8527258362155408e-05 -2.352044975850731e-05 -0.0004133655456826091 0.0015621958300471306 -0.0001452014985261485 -0.0004471211286727339 0.9999987483024597
8.199999809265137 -5.4520722187589854e-05 7.703961455263197e-05 -8.881658141035587e-05 0.00011527368042152375 1.69249815371586e-05 -5.30833458469715e-05 1.0
8.233333587646484 0.00014469490270130336 -0.00018731842283159494 0.00010315706458641216 -0.00016857100126799196 -7.806769281160086e-05 0.00015703482495155185 1.0
8.266666412353516 0.0004049305571243167 -0.0008113421499729156 0.00034790480276569724 -0.0007399152382276952 -0.00017894775373861194 0.0006029132637195289 0.9999995827674866
8.300000190734863 -0.0007067150436341763 -0.0019173799082636833 0.00087502266978845 -0.00357034127227962 0.0008690935792401433 0.0005643581389449537 0.999993085861206
8.333333015441895 -0.0037165603134781122 -0.0029641841538250446 0.0003723712870851159 -0.01336577907204628 -1.573542431287933e-05 -0.000682023586705327 0.9999104738235474
8.366666793823242 -0.006482061930000782 -0.004206533078104258 -0.0007516730693168938 -0.02716655656695366 -0.00045144418254494667 -0.0013548461720347404 0.9996299743652344
8.399999618530273 -0.011067204177379608 -0.007020148448646069 -0.0037440876476466656 -0.041842807084321976 0.00016101861547213048 -0.001562288380227983 0.9991230368614197
8.433333396911621 -0.013152159750461578 -0.009419078938663006 -0.009992917999625206 -0.04969311133027077 -0.0026873445603996515 -0.0027881150599569082 0.9987570643424988
8.466666221618652 -0.019109057262539864 -0.013519051484763622 -0.020579906180500984 -0.05084696412086487 -0.004355570767074823 -0.0075166733004152775 0.9986686706542969
8.5 -0.023450959473848343 -0.017706021666526794 -0.031415168195962906 -0.04847162961959839 -0.008010908029973507 -0.010714582167565823 0.9987349510192871
8.533333778381348 -0.029428798705339432 -0.023925606161355972 -0.04562998563051224 -0.04522068798542023 -0.013480332680046558 -0.010162727907299995 0.9988344311714172
8.566666603088379 -0.03455071896314621 -0.030115798115730286 -0.05666707083582878 -0.043812669813632965 -0.015575086697936058 -0.009667566046118736 0.9988715648651123
8.600000381469727 -0.0403679721057415 -0.037826720625162125 -0.06690894812345505 -0.04654445871710777 -0.01616346649825573 -0.009744131937623024 0.9987379312515259
8.633333206176758 -0.04417192563414574 -0.041212428361177444 -0.07306326180696487 -0.05155093967914581 -0.019085820764303207 -0.01252563577145338 0.9984094500541687
8.666666984558105 -0.04840822145342827 -0.04338786005973816 -0.07654237747192383 -0.05882852151989937 -0.024318085983395576 -0.01672576367855072 0.9978317618370056
8.699999809265137 -0.05697992816567421 -0.048647861927747726 -0.07810935378074646 -0.06948170810937881 -0.029343223199248314 -0.020044896751642227 0.9969501495361328
8.733333587646484 -0.06211266666650772 -0.04765109717845917 -0.07480944693088531 -0.08156976848840714 -0.038408659398555756 -0.022582754492759705 0.995671272277832
8.766666412353516 -0.07078681141138077 -0.049279771745204926 -0.06907571107149124 -0.09838906675577164 -0.04155528172850609 -0.025509309023618698 0.9939528107643127
8.800000190734863 -0.07978296279907227 -0.04802998527884483 -0.06342146545648575 -0.11376386880874634 -0.04267461225390434 -0.028745261952280998 0.9921745657920837
8.833333015441895 -0.0912420004606247 -0.048892006278038025 -0.05433642491698265 -0.13202890753746033 -0.04590282589197159 -0.03072226606309414 0.9897057414054871
8.866666793823242 -0.10190252959728241 -0.048744723200798035 -0.04639502987265587 -0.1474316269159317 -0.04818132519721985 -0.033793430775403976 0.9873198866844177
8.899999618530273 -0.10918279737234116 -0.04659644141793251 -0.03585876151919365 -0.15810783207416534 -0.05026650428771973 -0.035651784390211105 0.9854969382286072
8.933333396911621 -0.10110214352607727 -0.059944987297058105 -0.026250559836626053 -0.17529959976673126 -0.06041666120290756 -0.02349862828850746 0.9823786616325378
8.966666221618652 -0.11212313175201416 -0.05895005166530609 -0.017973074689507484 -0.17921379208564758 -0.06755727529525757 -0.02358062192797661 0.9812045693397522
9.0 -0.12255275249481201 -0.05684835463762283 -0.012213950976729393 -0.1802832931280136 -0.0740286335349083 -0.02445906214416027 0.9805200099945068
9.033333778381348 -0.13529890775680542 -0.054592911154031754 -0.005726979114115238 -0.18547731637954712 -0.07621601223945618 -0.028258508071303368 0.9792807698249817
9.066666603088379 -0.14622078835964203 -0.05072015896439552 0.0005988977500237525 -0.19465327262878418 -0.07624286413192749 -0.03112289495766163 0.9774090647697449
9.100000381469727 -0.1580362766981125 -0.0476752370595932 0.005161873064935207 -0.20029151439666748 -0.07444142550230026 -0.033607419580221176 0.9763259887695312
9.133333206176758 -0.16846632957458496 -0.044672977179288864 0.008848940953612328 -0.2024322897195816 -0.07458244264125824 -0.035330355167388916 0.9758126735687256
9.166666984558105 -0.17946192622184753 -0.043639469891786575 0.010916442610323429 -0.20221777260303497 -0.07715948671102524 -0.036641400307416916 0.9756084084510803
9.199999809265137 -0.18808916211128235 -0.04461568593978882 0.011984295211732388 -0.20005182921886444 -0.07905583083629608 -0.03727436065673828 0.9758791327476501
9.233333587646484 -0.19586680829524994 -0.04642638564109802 0.011628988198935986 -0.19643111526966095 -0.079180508852005 -0.03732459992170334 0.9766023755073547
9.266666412353516 -0.20355847477912903 -0.04964262247085571 0.00938427820801735 -0.19268712401390076 -0.07970838248729706 -0.03748301416635513 0.9772989749908447
9.300000190734863 -0.21051025390625 -0.05190323665738106 0.008229473605751991 -0.19021809101104736 -0.07985424250364304 -0.0384669192135334 0.9777324199676514
9.333333015441895 -0.21808697283267975 -0.05402863770723343 0.006609080825001001 -0.18919572234153748 -0.07767088711261749 -0.04133319482207298 0.977989673614502
9.366666793823242 -0.22420191764831543 -0.056108660995960236 0.00431489571928978 -0.18975384533405304 -0.07470844686031342 -0.04292760416865349 0.9780436754226685
9.399999618530273 -0.22880542278289795 -0.05590072646737099 0.0024058001581579447 -0.19023755192756653 -0.07172255218029022 -0.04439180716872215 0.9781078696250916
9.433333396911621 -0.23277872800827026 -0.057306934148073196 0.0007164602284319699 -0.1927115023136139 -0.06981613487005234 -0.0437605045735836 0.9777899384498596
9.466666221618652 -0.23658566176891327 -0.05767512694001198 -0.0044358111917972565 -0.18796861171722412 -0.06908384710550308 -0.04044150561094284 0.9789074659347534
9.5 -0.2386844903230667 -0.060084737837314606 -0.011187374591827393 -0.18423281610012054 -0.06692978739738464 -0.037753961980342865 0.9798741936683655
9.533333778381348 -0.24077175557613373 -0.06319339573383331 -0.018372977152466774 -0.18348856270313263 -0.0633087307214737 -0.03634689748287201 0.9803075790405273
9.566666603088379 -0.24329774081707 -0.06576601415872574 -0.02474348619580269 -0.18308649957180023 -0.06052305921912193 -0.035104189068078995 0.9806038737297058
9.600000381469727 -0.24463586509227753 -0.06952562928199768 -0.030727632343769073 -0.1818867027759552 -0.05859975144267082 -0.033341530710458755 0.9810054898262024
9.633333206176758 -0.24516518414020538 -0.07469968497753143 -0.03713640570640564 -0.1799595206975937 -0.05652870237827301 -0.03201872110366821 0.9815263152122498
9.666666984558105 -0.2463139146566391 -0.08225271105766296 -0.0444415807723999 -0.17636552453041077 -0.05415387079119682 -0.030646832659840584 0.982356071472168
9.699999809265137 -0.2443324327468872 -0.09184149652719498 -0.051947299391031265 -0.16970011591911316 -0.054131053388118744 -0.027621189132332802 0.983620285987854
9.733333587646484 -0.24318990111351013 -0.10224822908639908 -0.06008675694465637 -0.16098561882972717 -0.05262971669435501 -0.02470562234520912 0.9852427840232849
9.766666412353516 -0.23722639679908752 -0.11933422833681107 -0.06619618833065033 -0.15649832785129547 -0.05181588977575302 -0.021218229085206985 0.986089825630188
9.800000190734863 -0.2312525510787964 -0.1287834644317627 -0.07330549508333206 -0.14914833009243011 -0.049099404364824295 -0.01925130933523178 0.9874075055122375
9.833333015441895 -0.22585053741931915 -0.1410450041294098 -0.07937752455472946 -0.14391948282718658 -0.04489971324801445 -0.016523482277989388 0.9884322285652161
9.866666793823242 -0.21750332415103912 -0.15748389065265656 -0.08476103097200394 -0.1368998885154724 -0.044514432549476624 -0.011689993552863598 0.9895151853561401
9.899999618530273 -0.20792190730571747 -0.16906577348709106 -0.09094378352165222 -0.125435933470726 -0.043266698718070984 -0.006082918960601091 0.9911392331123352
9.933333396911621 -0.19932182133197784 -0.18249142169952393 -0.09692268073558807 -0.11704498529434204 -0.03576599061489105 1.2331347534200177e-05 0.9924823641777039
9.966666221618652 -0.18612559139728546 -0.18910019099712372 -0.10101040452718735 -0.1102835014462471 -0.02739008516073227 0.006928304675966501 0.9934986233711243
10.0 -0.17492356896400452 -0.19667980074882507 -0.10063251852989197 -0.1085677221417427 -0.017606839537620544 0.014988202601671219 0.9938201308250427
10.033333778381348 -0.15482939779758453 -0.20944567024707794 -0.1002027839422226 -0.10905387997627258 -0.008480527438223362 0.02256632223725319 0.9937434792518616
10.066666603088379 -0.1438170075416565 -0.21716196835041046 -0.09806295484304428 -0.10824346542358398 0.00020168452465441078 0.026553859934210777 0.9937697649002075
10.100000381469727 -0.1332426369190216 -0.22737334668636322 -0.09500905871391296 -0.10806776583194733 0.005708086304366589 0.030485084280371666 0.9936596155166626
10.133333206176758 -0.12445642799139023 -0.23676539957523346 -0.08927115797996521 -0.10635153949260712 0.011648458428680897 0.03339947387576103 0.9936992526054382
10.166666984558105 -0.11557117849588394 -0.24367164075374603 -0.08224310725927353 -0.10380944609642029 0.014701743610203266 0.03581445664167404 0.9938434958457947
10.199999809265137 -0.1098313108086586 -0.24855774641036987 -0.07371252775192261 -0.10134094953536987 0.01598377525806427 0.03862069547176361 0.9939733743667603
10.233333587646484 -0.10256318747997284 -0.25390663743019104 -0.0626717060804367 -0.10079300403594971 0.018426867201924324 0.041286926716566086 0.9938796162605286
10.266666412353516 -0.0953260138630867 -0.25991329550743103 -0.049479302018880844 -0.10269246250391006 0.023998217657208443 0.042920682579278946 0.9934969544410706
10.300000190734863 -0.09022850543260574 -0.26369768381118774 -0.03670402988791466 -0.10384853929281235 0.02707211673259735 0.04390086606144905 0.9932549595832825
10.333333015441895 -0.08290889114141464 -0.26712000370025635 -0.020617783069610596 -0.10646288841962814 0.026686998084187508 0.04684894159436226 0.9928538203239441
10.366666793823242 -0.07753388583660126 -0.27002108097076416 -0.004864830523729324 -0.1112600639462471 0.03244336321949959 0.04967913776636124 0.9920185208320618
10.399999618530273 -0.06866858154535294 -0.2749885320663452 0.012101910077035427 -0.11555081605911255 0.03907742351293564 0.04997926950454712 0.9912734627723694
10.433333396911621 -0.06251286715269089 -0.27816301584243774 0.027546284720301628 -0.11838986724615097 0.03848996385931969 0.05059625208377838 0.9909300804138184
10.466666221618652 -0.05743063986301422 -0.28074097633361816 0.04320629686117172 -0.12042675167322159 0.0408242903649807 0.052291274070739746 0.990503191947937
10.5 -0.05063841491937637 -0.2821570336818695 0.057490263134241104 -0.1189327985048294 0.04474593698978424 0.05204426869750023 0.9905272722244263
10.533333778381348 -0.047414347529411316 -0.2840326130390167 0.07031482458114624 -0.11546169966459274 0.045978330075740814 0.05226990953087807 0.9908695816993713
10.566666603088379 -0.04073207080364227 -0.28689053654670715 0.08481995016336441 -0.11293191462755203 0.04335147887468338 0.055151645094156265 0.9911232590675354
10.600000381469727 -0.03586173430085182 -0.2889052927494049 0.09771616756916046 -0.11094393581151962 0.04299170523881912 0.057855136692523956 0.9912093877792358
10.633333206176758 -0.029892589896917343 -0.28961458802223206 0.11166524142026901 -0.10869836062192917 0.04361700266599655 0.06015254184603691 0.9912940859794617
10.666666984558105 -0.02544645220041275 -0.2897147834300995 0.12504412233829498 -0.1084798276424408 0.04374460130929947 0.061946526169776917 0.9912019371986389
10.699999809265137 -0.019160527735948563 -0.2914056181907654 0.14020754396915436 -0.1115335151553154 0.04382029175758362 0.06242723762989044 0.9908294677734375
10.733333587646484 -0.015445695258677006 -0.29328104853630066 0.15399058163166046 -0.11603808403015137 0.04575761407613754 0.06308652460575104 0.9901825785636902
10.766666412353516 -0.013237361796200275 -0.2935653328895569 0.16838259994983673 -0.12002451717853546 0.049965761601924896 0.06150585040450096 0.9896032810211182
10.800000190734863 -0.009721895679831505 -0.2952727973461151 0.17944249510765076 -0.1257803589105606 0.051168784499168396 0.05658400058746338 0.9891204833984375
10.833333015441895 -0.007364978548139334 -0.2948944568634033 0.19418135285377502 -0.13161052763462067 0.051086414605379105 0.05505990982055664 0.9884520173072815
10.866666793823242 -0.005291422363370657 -0.29551446437835693 0.20722122490406036 -0.1355734020471573 0.05079536885023117 0.05484536290168762 0.987943172454834
10.899999618530273 -0.002707780571654439 -0.29547083377838135 0.21878951787948608 -0.1363494098186493 0.05016293749213219 0.05539771541953087 0.9878378510475159
10.933333396911621 -0.0006539176683872938 -0.2952456474304199 0.22952879965305328 -0.13660068809986115 0.04689999669790268 0.0577237568795681 0.9878302216529846
10.966666221618652 0.0012501082383096218 -0.29459407925605774 0.23945778608322144 -0.1379464864730835 0.04426188766956329 0.06010686978697777 0.987622857093811
11.0 0.002725237049162388 -0.29344478249549866 0.24777622520923615 -0.1395706832408905 0.04545281454920769 0.06131550297141075 0.9872662425041199
11.033333778381348 0.004974067211151123 -0.29232728481292725 0.2561068534851074 -0.1417820006608963 0.04603803902864456 0.06305346637964249 0.9868144392967224
11.066666603088379 0.006148065906018019 -0.2909426987171173 0.2630731463432312 -0.14258424937725067 0.045080360025167465 0.06563613563776016 0.986574649810791
11.100000381469727 0.008229436352849007 -0.2887463867664337 0.2702433168888092 -0.14323002099990845 0.042433127760887146 0.06758874654769897 0.986466646194458
11.133333206176758 0.007965358905494213 -0.2860337793827057 0.27538102865219116 -0.14524875581264496 0.04272186756134033 0.06831774860620499 0.986108660697937
11.166666984558105 0.00761571666225791 -0.28319260478019714 0.2808949947357178 -0.14849016070365906 0.04429586976766586 0.06761517375707626 0.9856048226356506
11.199999809265137 0.008011527359485626 -0.28061240911483765 0.28621482849121094 -0.15101909637451172 0.044719941914081573 0.06759437173604965 0.9852027893066406
11.233333587646484 0.007744234055280685 -0.27797892689704895 0.2910686433315277 -0.15295952558517456 0.04478362202644348 0.06743425130844116 0.9849114418029785
11.266666412353516 0.006802115589380264 -0.2761939465999603 0.29375559091567993 -0.15314717590808868 0.043702516704797745 0.06685137748718262 0.9849705696105957
11.300000190734863 0.004548949655145407 -0.2766522765159607 0.29278701543807983 -0.15066474676132202 0.04436344653367996 0.06647484749555588 0.9853492975234985
11.333333015441895 0.0027710108552128077 -0.2798137366771698 0.28977906703948975 -0.14643293619155884 0.043181683868169785 0.06635121256113052 0.9860478639602661
11.366666793823242 -0.0016307170735672116 -0.2842956781387329 0.28370413184165955 -0.14146097004413605 0.04479282349348068 0.06394584476947784 0.9868603944778442
11.399999618530273 -0.007614797912538052 -0.289029598236084 0.2762432098388672 -0.13793917000293732 0.04707465320825577 0.06051276624202728 0.987468957901001
11.433333396911621 -0.011981464922428131 -0.2938120365142822 0.2677953541278839 -0.1369219571352005 0.04614456743001938 0.058550819754600525 0.9877727031707764
11.466666221618652 -0.01704808697104454 -0.29779180884361267 0.26141610741615295 -0.1374731957912445 0.04237467050552368 0.05663277208805084 0.9879769086837769
11.5 -0.02294047735631466 -0.30105161666870117 0.2564667761325836 -0.13861142098903656 0.03864547610282898 0.05280289798974991 0.9881828427314758
11.533333778381348 -0.02957003563642502 -0.3045479655265808 0.24926450848579407 -0.1401509791612625 0.03333171084523201 0.04979998618364334 0.9883151054382324
11.566666603088379 -0.0370410792529583 -0.3082234561443329 0.24246318638324738 -0.14035627245903015 0.02524029277265072 0.047603003680706024 0.988633930683136
11.600000381469727 -0.043370410799980164 -0.3106901943683624 0.23211143910884857 -0.13881926238536835 0.019467834383249283 0.0455106645822525 0.9890798926353455
11.633333206176758 -0.050074104219675064 -0.3134125769138336 0.22111928462982178 -0.13793446123600006 0.014822476543486118 0.04271772503852844 0.9894087314605713
11.666666984558105 -0.05683230981230736 -0.31605425477027893 0.21074482798576355 -0.1378793716430664 0.011962687596678734 0.0397571362555027 0.9895784854888916
11.699999809265137 -0.06435176730155945 -0.32013827562332153 0.20128917694091797 -0.1389264464378357 0.009872597642242908 0.038550231605768204 0.9895029067993164
11.733333587646484 -0.07279957085847855 -0.323616087436676 0.19021402299404144 -0.1383570283651352 0.006480656564235687 0.03728952631354332 0.9896590113639832
11.766666412353516 -0.0818987786769867 -0.3276117146015167 0.17882013320922852 -0.13699355721473694 0.0015366331208497286 0.037379879504442215 0.989865243434906
11.800000190734863 -0.09152089059352875 -0.3317227363586426 0.166324645280838 -0.13543297350406647 0.0013600389938801527 0.03712620213627815 0.9900897145271301
11.833333015441895 -0.10034340620040894 -0.3325401544570923 0.15085530281066895 -0.13266853988170624 -0.0005962525610812008 0.035144608467817307 0.9905370473861694
11.866666793823242 -0.11181844025850296 -0.3346138894557953 0.13621196150779724 -0.13165034353733063 -0.0023351707495748997 0.03270544484257698 0.9907538294792175
11.899999618530273 -0.12029597908258438 -0.3349234163761139 0.12268748134374619 -0.13070347905158997 -0.003093126229941845 0.031111005693674088 0.9909284710884094
11.933333396911621 -0.1325608342885971 -0.334612637758255 0.10837625712156296 -0.12955720722675323 -0.003985000774264336 0.02823994867503643 0.9911617636680603
11.966666221618652 -0.14277347922325134 -0.3325637876987457 0.09483987092971802 -0.12823301553726196 -0.005764860659837723 0.026527216657996178 0.9913725256919861
12.0 -0.1529465615749359 -0.3306519687175751 0.08282477408647537 -0.1280442476272583 -0.00669117784127593 0.026359722018241882 0.9913955330848694
12.033333778381348 -0.16436345875263214 -0.3270198702812195 0.07075515389442444 -0.12789365649223328 -0.006707614753395319 0.024018781259655952 0.9914743304252625
12.066666603088379 -0.17357715964317322 -0.3228900134563446 0.058115024119615555 -0.12777990102767944 -0.009266741573810577 0.022697146981954575 0.9914994835853577
12.100000381469727 -0.1810750514268875 -0.3180057108402252 0.04924219474196434 -0.12816685438156128 -0.012092849239706993 0.02086685039103031 0.991459310054779
12.133333206176758 -0.1927904635667801 -0.3129146993160248 0.0408274345099926 -0.12925685942173004 -0.012038231827318668 0.017446015030145645 0.9913846254348755
12.166666984558105 -0.20242343842983246 -0.30739203095436096 0.030775444582104683 -0.13049466907978058 -0.013592420145869255 0.0163597222417593 0.9912208914756775
12.199999809265137 -0.21166281402111053 -0.3012641668319702 0.022860145196318626 -0.13050419092178345 -0.014942173846065998 0.014863332733511925 0.9912238121032715
12.233333587646484 -0.21706734597682953 -0.29568803310394287 0.015089497901499271 -0.12917464971542358 -0.01729734241962433 0.013262405060231686 0.9913823008537292
12.266666412353516 -0.22468321025371552 -0.29020851850509644 0.008741612546145916 -0.12730485200881958 -0.018967270851135254 0.013968639075756073 0.9915838837623596
12.300000190734863 -0.22878141701221466 -0.2834654152393341 0.0029839910566806793 -0.12609818577766418 -0.020669369027018547 0.013353230431675911 0.9917125701904297
12.333333015441895 -0.232620969414711 -0.2769832909107208 0.0006026345654390752 -0.12728801369667053 -0.01859593205153942 0.014112637378275394 0.9915910959243774
12.366666793823242 -0.2376755177974701 -0.2704516351222992 -0.0038490486331284046 -0.1286739856004715 -0.015561884269118309 0.014506478793919086 0.9914587736129761
12.399999618530273 -0.24350804090499878 -0.26508215069770813 -0.00538407638669014 -0.12974652647972107 -0.015625067055225372 0.014255085028707981 0.9913216233253479
12.433333396911621 -0.25147369503974915 -0.2595262825489044 -0.00648239953443408 -0.13006415963172913 -0.016111673787236214 0.013746524229645729 0.9912794232368469
12.466666221618652 -0.2564229369163513 -0.25321686267852783 -0.004534740466624498 -0.1310209482908249 -0.018628185614943504 0.012444344349205494 0.9911264777183533
12.5 -0.2515777051448822 -0.24564003944396973 -0.0008086599409580231 -0.13299621641635895 -0.025338370352983475 0.008450819179415703 0.9907565712928772
12.533333778381348 -0.2564622759819031 -0.23911742866039276 0.00487909559160471 -0.1356343924999237 -0.023840129375457764 0.00853752065449953 0.9904353618621826
12.566666603088379 -0.25932928919792175 -0.228334441781044 0.01167220063507557 -0.14093773066997528 -0.03039306215941906 0.00812414102256298 0.9895184636116028
12.600000381469727 -0.26222625374794006 -0.21854709088802338 0.017923932522535324 -0.1460283398628235 -0.031402043998241425 0.007752935867756605 0.9887515902519226
12.633333206176758 -0.266009122133255 -0.20789124071598053 0.024102579802274704 -0.15172246098518372 -0.031024450436234474 0.007609514053910971 0.9879068732261658
12.666666984558105 -0.26814231276512146 -0.19828981161117554 0.03214060142636299 -0.1588536947965622 -0.031206395477056503 0.009034448303282261 0.9867675304412842
12.699999809265137 -0.27018097043037415 -0.19111797213554382 0.038404613733291626 -0.1654527485370636 -0.03166207671165466 0.010047526098787785 0.9856581091880798
12.733333587646484 -0.27364277839660645 -0.1785297393798828 0.04652919992804527 -0.16996662318706512 -0.03395470604300499 0.011610973626375198 0.9847962856292725
12.766666412353516 -0.2761508822441101 -0.17107413709163666 0.053436629474163055 -0.17642086744308472 -0.03571983054280281 0.011141901835799217 0.9836034774780273
12.800000190734863 -0.27849817276000977 -0.16308557987213135 0.060294151306152344 -0.1835184097290039 -0.036267075687646866 0.011349953711032867 0.982281506061554
12.833333015441895 -0.28125131130218506 -0.15056931972503662 0.0680963397026062 -0.1890219897031784 -0.03726538270711899 0.01238613948225975 0.9811873435974121
12.866666793823242 -0.28277164697647095 -0.14329159259796143 0.07487444579601288 -0.19571715593338013 -0.03945532441139221 0.012402365915477276 0.9797878861427307
12.899999618530273 -0.2841494381427765 -0.13530714809894562 0.07912882417440414 -0.1996987760066986 -0.04164217412471771 0.013180366717278957 0.9788833260536194
12.933333396911621 -0.2831684350967407 -0.12724712491035461 0.08647263795137405 -0.20464305579662323 -0.044925276190042496 0.017540879547595978 0.9776479005813599
12.966666221618652 -0.2903994023799896 -0.12210220843553543 0.09431720525026321 -0.21142743527889252 -0.04096727818250656 0.01578788459300995 0.9764071702957153
13.0 -0.2898119390010834 -0.11405529826879501 0.09712312370538712 -0.21576407551765442 -0.04155479744076729 0.01771955005824566 0.9754000306129456
13.033333778381348 -0.29008907079696655 -0.10710068047046661 0.10079136490821838 -0.22055722773075104 -0.040570564568042755 0.01725965365767479 0.9743770956993103
13.066666603088379 -0.2892730236053467 -0.10058944672346115 0.10343031585216522 -0.22413098812103271 -0.042119044810533524 0.018089985474944115 0.9734804034233093
13.100000381469727 -0.28928494453430176 -0.09421839565038681 0.10573495924472809 -0.22898486256599426 -0.04192233085632324 0.018170839175581932 0.9723570942878723
13.133333206176758 -0.2886144816875458 -0.08810794353485107 0.10735464841127396 -0.23257018625736237 -0.04249297082424164 0.018409036099910736 0.9714764356613159
13.166666984558105 -0.28800374269485474 -0.08199504017829895 0.10872835665941238 -0.23614391684532166 -0.043717216700315475 0.01858491078019142 0.9705563187599182
13.199999809265137 -0.28827568888664246 -0.07631435245275497 0.10904157906770706 -0.23996078968048096 -0.043509092181921005 0.016719000414013863 0.9696630239486694
13.233333587646484 -0.2877826690673828 -0.07010409981012344 0.10898755490779877 -0.2436739057302475 -0.042175039649009705 0.01561721507459879 0.968813955783844
13.266666412353516 -0.28666749596595764 -0.06664428859949112 0.10981731116771698 -0.24789553880691528 -0.041275907307863235 0.01692240685224533 0.9677591919898987
13.300000190734863 -0.2853085398674011 -0.06185339763760567 0.10960016399621964 -0.24911287426948547 -0.042569827288389206 0.01869283616542816 0.967357873916626
13.333333015441895 -0.28434455394744873 -0.05904731526970863 0.10974754393100739 -0.25142085552215576 -0.04375292360782623 0.020681584253907204 0.9666671752929688
13.366666793823242 -0.2837396264076233 -0.05386738479137421 0.10767122358083725 -0.25086721777915955 -0.04451580345630646 0.02044059894979 0.9667813777923584
13.399999618530273 -0.283387154340744 -0.05052587017416954 0.1066456139087677 -0.25145578384399414 -0.044987697154283524 0.020244261249899864 0.9666106700897217
13.433333396911621 -0.2824338674545288 -0.04781366139650345 0.1045706570148468 -0.25218653678894043 -0.04447178170084953 0.0205428097397089 0.9664378762245178
13.466666221618652 -0.2811933755874634 -0.047312941402196884 0.10371480137109756 -0.25462374091148376 -0.04350476711988449 0.02118314802646637 0.9658288359642029
13.5 -0.2794530689716339 -0.04594045132398605 0.10223852843046188 -0.25460249185562134 -0.0432857908308506 0.022465994581580162 0.9658152461051941
13.533333778381348 -0.27719059586524963 -0.04538847133517265 0.1010551005601883 -0.25366297364234924 -0.043597009032964706 0.025070296600461006 0.9659844040870667
13.566666603088379 -0.27535390853881836 -0.04492861032485962 0.09974639862775803 -0.25241899490356445 -0.04439057409763336 0.027189165353775024 0.9662167429924011
13.600000381469727 -0.27400267124176025 -0.0451643168926239 0.10003427416086197 -0.25314924120903015 -0.044680606573820114 0.02899012714624405 0.9659600257873535
13.633333206176758 -0.27341926097869873 -0.044807448983192444 0.10127684473991394 -0.25480467081069946 -0.0438060462474823 0.030274147167801857 0.9655253291130066
13.666666984558105 -0.2733226418495178 -0.0434441901743412 0.10302761197090149 -0.256499320268631 -0.043445296585559845 0.03018960915505886 0.9650954604148865
13.699999809265137 -0.2724840044975281 -0.04214389622211456 0.10559677332639694 -0.25966116786003113 -0.04353673756122589 0.0313861109316349 0.9642072319984436
13.733333587646484 -0.2721625864505768 -0.03960579261183739 0.10782691836357117 -0.26240724325180054 -0.04280426353216171 0.03229886665940285 0.963466227054596
13.766666412353516 -0.2717525362968445 -0.03800637274980545 0.10991185158491135 -0.2651430368423462 -0.04234263300895691 0.033073075115680695 0.9627110362052917
13.800000190734863 -0.27191707491874695 -0.03800385445356369 0.11186534911394119 -0.26773497462272644 -0.04205905273556709 0.03342152014374733 0.9619937539100647
13.833333015441895 -0.27369585633277893 -0.041084256023168564 0.11633680760860443 -0.2744043469429016 -0.04055268317461014 0.03242069482803345 0.9602118134498596
13.866666793823242 -0.2740890681743622 -0.04096203297376633 0.11862657219171524 -0.27749162912368774 -0.039357397705316544 0.03282772749662399 0.9593601226806641
13.899999618530273 -0.2737492620944977 -0.039577290415763855 0.12078550457954407 -0.2801375091075897 -0.03887501358985901 0.03311887010931969 0.9586004614830017
13.933333396911621 -0.27378952503204346 -0.038318634033203125 0.12326037138700485 -0.2832513749599457 -0.037254031747579575 0.03383651748299599 0.957724392414093
13.966666221618652 -0.27442389726638794 -0.0370868556201458 0.12623298168182373 -0.2874221205711365 -0.03506145626306534 0.034080248326063156 0.9565552473068237
14.0 -0.27459993958473206 -0.03546861931681633 0.12955734133720398 -0.291655570268631 -0.0328829251229763 0.034655988216400146 0.9553296566009521
14.033333778381348 -0.2753116190433502 -0.03409454971551895 0.13332706689834595 -0.2967442572116852 -0.030430423095822334 0.03526640683412552 0.9538203477859497
14.066666603088379 -0.2760787606239319 -0.033003292977809906 0.13815343379974365 -0.30233705043792725 -0.028215207159519196 0.03549618273973465 0.9521219730377197
14.100000381469727 -0.2778613567352295 -0.03150596469640732 0.14318914711475372 -0.3077827990055084 -0.025225024670362473 0.03527071699500084 0.9504680633544922
14.133333206176758 -0.2794087529182434 -0.02943285182118416 0.14859890937805176 -0.31391143798828125 -0.022473761811852455 0.03453550487756729 0.9485577940940857
14.166666984558105 -0.28108885884284973 -0.02705211564898491 0.1540517657995224 -0.32043877243995667 -0.018444523215293884 0.034138064831495285 0.9464742541313171
14.199999809265137 -0.28205975890159607 -0.024558095261454582 0.15851271152496338 -0.3257218301296234 -0.014140375889837742 0.034487031400203705 0.9447306394577026
14.233333587646484 -0.2851598262786865 -0.022767188027501106 0.16336177289485931 -0.3307605981826782 -0.008186891674995422 0.03396086022257805 0.9430679678916931
14.266666412353516 -0.2868691086769104 -0.020654693245887756 0.16713374853134155 -0.3344210386276245 -0.004777703899890184 0.034637968987226486 0.9417749643325806
14.300000190734863 -0.28859198093414307 -0.019201522693037987 0.1699254810810089 -0.33538755774497986 -0.0022227333392947912 0.03569338470697403 0.9414011836051941
14.333333015441895 -0.29032406210899353 -0.01806861348450184 0.17180638015270233 -0.33419767022132874 0.002435879083350301 0.036359019577503204 0.9417982697486877
14.366666793823242 -0.2923615872859955 -0.017187071964144707 0.17413483560085297 -0.33427849411964417 0.003007022198289633 0.04115021601319313 0.9415707588195801
14.399999618530273 -0.29216018319129944 -0.01582440920174122 0.17612338066101074 -0.33425256609916687 0.00347934034653008 0.04584718495607376 0.9413614273071289
14.433333396911621 -0.29142236709594727 -0.012923269532620907 0.1784658133983612 -0.3360063433647156 0.004340366926044226 0.049699440598487854 0.9405376315116882
14.466666221618652 -0.2912527620792389 -0.009895876049995422 0.1822442263364792 -0.3410084843635559 0.005860448814928532 0.05076881870627403 0.9386700391769409
14.5 -0.2923767864704132 -0.007684141863137484 0.18732470273971558 -0.3470277190208435 0.009287435561418533 0.05006870999932289 0.9364714622497559
14.533333778381348 -0.29227685928344727 -0.004828461445868015 0.1917879730463028 -0.35079291462898254 0.010301550850272179 0.050207678228616714 0.9350494146347046
14.566666603088379 -0.29275667667388916 -0.002703835954889655 0.1967421919107437 -0.35541221499443054 0.012175602838397026 0.04989967495203018 0.933297336101532
14.600000381469727 -0.2967621684074402 -0.0037236313801258802 0.20340244472026825 -0.36328697204589844 0.01978660747408867 0.04870731756091118 0.9301928281784058
14.633333206176758 -0.29632368683815 -0.0029776357114315033 0.20578251779079437 -0.3643098771572113 0.022915871813893318 0.049579326063394547 0.9296747446060181
14.666666984558105 -0.2940327823162079 -0.002667514607310295 0.2077583372592926 -0.3662894368171692 0.0255010724067688 0.05206996202468872 0.9286929368972778
14.699999809265137 -0.29176467657089233 -0.0023273215629160404 0.20923931896686554 -0.3672114312648773 0.027555640786886215 0.05471900478005409 0.928117573261261
14.733333587646484 -0.2891283333301544 -0.00226456462405622 0.21044887602329254 -0.36812204122543335 0.029718071222305298 0.057792358100414276 0.9275036454200745
14.766666412353516 -0.2863345444202423 -0.0021576634608209133 0.211515411734581 -0.3685338497161865 0.0324639268219471 0.06123428791761398 0.92702716588974
14.800000190734863 -0.2836116552352905 -0.002414376474916935 0.21272674202919006 -0.36936458945274353 0.03540472686290741 0.06443051993846893 0.9263719320297241
14.833333015441895 -0.28076621890068054 -0.0025585670955479145 0.21411655843257904 -0.37062719464302063 0.0383894182741642 0.06772480905056 0.9255134463310242
14.866666793823242 -0.2783319354057312 -0.0021082477178424597 0.2158728539943695 -0.37150073051452637 0.042866915464401245 0.07089274376630783 0.9247291088104248
14.899999618530273 -0.2754340171813965 -0.00202606781385839 0.2174435704946518 -0.37297168374061584 0.04588364064693451 0.07412970066070557 0.9237378835678101
14.933333396911621 -0.27371296286582947 -0.001147462404333055 0.2197292298078537 -0.3749450147151947 0.0502130500972271 0.07645389437675476 0.922523558139801
14.966666221618652 -0.2719515264034271 -0.0002326167159480974 0.22292669117450714 -0.37812697887420654 0.054379940032958984 0.0783105343580246 0.9208313226699829
15.0 -0.269806832075119 0.0005699546891264617 0.2255793958902359 -0.3805941641330719 0.05739569664001465 0.08044752478599548 0.9194465279579163
15.033333778381348 -0.2689031958580017 0.002099407836794853 0.2271861582994461 -0.3816441297531128 0.06170491874217987 0.08164502680301666 0.9186263680458069
15.066666603088379 -0.267980694770813 0.002494039013981819 0.22890429198741913 -0.383223295211792 0.06506623327732086 0.08276795595884323 0.9176360368728638
15.100000381469727 -0.26705804467201233 0.002624703338369727 0.22991377115249634 -0.3840242326259613 0.06762702763080597 0.08383642137050629 0.9170187711715698
15.133333206176758 -0.2664511501789093 0.0027189161628484726 0.2300264984369278 -0.383709579706192 0.06962630897760391 0.0846729725599289 0.916923999786377
15.166666984558105 -0.2662215232849121 0.002640162594616413 0.22954675555229187 -0.38293200731277466 0.07043885439634323 0.085164874792099 0.9171413779258728
15.199999809265137 -0.2661864459514618 0.002301117405295372 0.22899380326271057 -0.3821338415145874 0.07010218501091003 0.08543320745229721 0.917475163936615
15.233333587646484 -0.26691997051239014 0.0015203712973743677 0.22820770740509033 -0.3815423250198364 0.06854090839624405 0.08484026044607162 0.9178942441940308
15.266666412353516 -0.2688068449497223 -0.0001383454364258796 0.2268291413784027 -0.38000568747520447 0.06656184047460556 0.08345470577478409 0.9188038110733032
15.300000190734863 -0.2721530497074127 -0.003711673663929105 0.22504805028438568 -0.37657296657562256 0.06329178810119629 0.08143115788698196 0.920628011226654
15.333333015441895 -0.27644747495651245 -0.008797422051429749 0.22220981121063232 -0.3705565631389618 0.05814388394355774 0.07881005853414536 0.9236319661140442
15.366666793823242 -0.2826406955718994 -0.016468703746795654 0.2214207798242569 -0.365402489900589 0.05289836227893829 0.07597442716360092 0.9262346625328064
15.399999618530273 -0.28921276330947876 -0.0235921461135149 0.22174261510372162 -0.36167386174201965 0.04795106500387192 0.07244504988193512 0.9282479882240295
15.433333396911621 -0.2957107722759247 -0.029259182512760162 0.2226729542016983 -0.35884082317352295 0.04375392943620682 0.06772790104150772 0.9299095273017883
15.466666221618652 -0.3031792938709259 -0.036024417728185654 0.2263927459716797 -0.3605339229106903 0.042492423206567764 0.06294668465852737 0.9296491742134094
15.5 -0.31051895022392273 -0.04110882058739662 0.22953759133815765 -0.3609600067138672 0.04047682508826256 0.05807506665587425 0.9298907518386841
15.533333778381348 -0.3193495273590088 -0.04640360549092293 0.23441989719867706 -0.361605703830719 0.03742336854338646 0.05278080701828003 0.9300833344459534
15.566666603088379 -0.32834184169769287 -0.05238501727581024 0.2384052872657776 -0.3606654107570648 0.032740961760282516 0.04979570209980011 0.9307894706726074
15.600000381469727 -0.3345223069190979 -0.05706045776605606 0.24139145016670227 -0.3589707016944885 0.027307236567139626 0.04866041988134384 0.931679368019104
15.633333206176758 -0.3441290557384491 -0.06095505133271217 0.24695762991905212 -0.35945039987564087 0.026229584589600563 0.04619830474257469 0.9316507577896118
15.666666984558105 -0.3512495160102844 -0.06346894055604935 0.2497590184211731 -0.35831716656684875 0.02370045892894268 0.04506605863571167 0.9322104454040527
15.699999809265137 -0.357454776763916 -0.06597355753183365 0.25344908237457275 -0.3590104877948761 0.021903639659285545 0.04437946155667305 0.9320204854011536
15.733333587646484 -0.363900363445282 -0.06711462885141373 0.2565366327762604 -0.3586573898792267 0.021598299965262413 0.04264690354466438 0.9322444796562195
15.766666412353516 -0.370115727186203 -0.0686030164361 0.2589254379272461 -0.35798752307891846 0.02249715104699135 0.04053812846541405 0.9325746893882751
15.800000190734863 -0.3758315145969391 -0.0692884773015976 0.26040053367614746 -0.35670217871665955 0.025080543011426926 0.03718596696853638 0.9331408143043518
15.833333015441895 -0.3793245255947113 -0.07083480060100555 0.25957563519477844 -0.3545873463153839 0.026624510064721107 0.03511050343513489 0.933984100818634
15.866666793823242 -0.38184353709220886 -0.07366278022527695 0.258517861366272 -0.3531099855899811 0.030781541019678116 0.03310833498835564 0.9344890117645264
15.899999618530273 -0.382450670003891 -0.0771465003490448 0.2557266652584076 -0.3505028784275055 0.0368998721241951 0.030639763921499252 0.9353327751159668
15.933333396911621 -0.3809241056442261 -0.08330296725034714 0.25028014183044434 -0.34641221165657043 0.04264024272561073 0.02971792221069336 0.9366415143013
15.966666221618652 -0.37996307015419006 -0.08961956948041916 0.24393759667873383 -0.3393861949443817 0.044208936393260956 0.02824266627430916 0.9391831755638123
16.0 -0.37621453404426575 -0.09628941863775253 0.23338255286216736 -0.3283955752849579 0.041594069451093674 0.029759248718619347 0.9431546330451965
16.03333282470703 -0.37044557929039 -0.10407857596874237 0.2234920859336853 -0.31788429617881775 0.04428115114569664 0.033250708132982254 0.9465110898017883
16.066667556762695 -0.36219894886016846 -0.11171657592058182 0.21287739276885986 -0.30903512239456177 0.050312288105487823 0.037771839648485184 0.9489675164222717
16.100000381469727 -0.3524174094200134 -0.12044475227594376 0.20313479006290436 -0.30366238951683044 0.0585935078561306 0.04264363273978233 0.9500197768211365
16.133333206176758 -0.3412175178527832 -0.12956392765045166 0.19224512577056885 -0.29815006256103516 0.06793257594108582 0.04793936759233475 0.9508910179138184
16.16666603088379 -0.3278672993183136 -0.1401756852865219 0.1838497370481491 -0.29538121819496155 0.0747469887137413 0.05384239926934242 0.9509279131889343
16.200000762939453 -0.31608378887176514 -0.14865587651729584 0.1723313331604004 -0.2880204916000366 0.08149223774671555 0.05785446986556053 0.952394962310791
16.233333587646484 -0.3029455542564392 -0.16066451370716095 0.15843889117240906 -0.2808851897716522 0.08743499964475632 0.06262797862291336 0.9536961913108826
16.266666412353516 -0.28869929909706116 -0.16933396458625793 0.14479027688503265 -0.270208477973938 0.08779198676347733 0.06947919726371765 0.956270158290863
16.299999237060547 -0.2758796811103821 -0.17788833379745483 0.1296178698539734 -0.25950518250465393 0.08779715746641159 0.07647072523832321 0.9586975574493408
16.33333396911621 -0.2605050206184387 -0.19158455729484558 0.11838008463382721 -0.2544153332710266 0.0881415456533432 0.08464527130126953 0.9593431353569031
16.366666793823242 -0.24772028625011444 -0.19062404334545135 0.09595340490341187 -0.2417830377817154 0.09301713854074478 0.09421400725841522 0.9612557291984558
16.399999618530273 -0.20200209319591522 -0.19381292164325714 0.0799049437046051 -0.23658889532089233 0.08521924167871475 0.11234240233898163 0.9613233804702759
16.433332443237305 -0.19582770764827728 -0.19831472635269165 0.06900437921285629 -0.23232389986515045 0.0998448058962822 0.11914263665676117 0.960136353969574
16.46666717529297 -0.1544216275215149 -0.2007235437631607 0.04943980649113655 -0.23344896733760834 0.09981457144021988 0.13382494449615479 0.9579298496246338
16.5 -0.14681683480739594 -0.20407751202583313 0.039225343614816666 -0.22711248695850372 0.13074126839637756 0.13045845925807953 0.9561941027641296
16.53333282470703 -0.13170689344406128 -0.2093437761068344 0.027853382751345634 -0.2302485853433609 0.13289135694503784 0.14312423765659332 0.953331470489502
16.566667556762695 -0.11545049399137497 -0.20598919689655304 0.010244395583868027 -0.23078763484954834 0.13599717617034912 0.15622402727603912 0.9507028460502625
16.600000381469727 -0.10089106857776642 -0.20241320133209229 -0.0012267368147149682 -0.2316654622554779 0.1420668661594391 0.16668857634067535 0.9478201270103455
16.633333206176758 -0.10867812484502792 -0.17205773293972015 -0.017678754404187202 -0.21445491909980774 0.1587342470884323 0.16081847250461578 0.9502367973327637
16.66666603088379 -0.10084503144025803 -0.16837255656719208 -0.023701824247837067 -0.21952784061431885 0.16944171488285065 0.16901201009750366 0.9457969665527344
16.700000762939453 -0.08625298738479614 -0.16230006515979767 -0.035873815417289734 -0.22263309359550476 0.1760694980621338 0.1774541139602661 0.9423078894615173
16.733333587646484 -0.06647490710020065 -0.15122948586940765 -0.04756045714020729 -0.22521351277828217 0.18244455754756927 0.1867956817150116 0.9386694431304932
16.766666412353516 -0.058783192187547684 -0.14178252220153809 -0.05386502295732498 -0.22833408415317535 0.18873514235019684 0.19420084357261658 0.9351624250411987
16.799999237060547 -0.051240600645542145 -0.1323065608739853 -0.05923110246658325 -0.2287675142288208 0.19381530582904816 0.19935783743858337 0.932929515838623
16.83333396911621 -0.03240618482232094 -0.11893289536237717 -0.07050151377916336 -0.22643782198429108 0.19159801304340363 0.20912091434001923 0.931817889213562
16.866666793823242 -0.024436745792627335 -0.10975368320941925 -0.07563208788633347 -0.22469496726989746 0.19422775506973267 0.21625608205795288 0.9300650954246521
16.899999618530273 -0.015540371648967266 -0.10102517902851105 -0.08289358019828796 -0.22325068712234497 0.195630744099617 0.22326256334781647 0.9284619688987732
16.933332443237305 -0.008212483488023281 -0.08933913707733154 -0.08966457098722458 -0.22097696363925934 0.19675660133361816 0.22995375096797943 0.9271339178085327
16.96666717529297 0.007290259003639221 -0.08177828788757324 -0.0952175185084343 -0.22474659979343414 0.19620998203754425 0.24175047874450684 0.9233348369598389
17.0 0.01729234866797924 -0.07142376899719238 -0.10154155641794205 -0.22541821002960205 0.19804710149765015 0.25365397334098816 0.919577956199646
17.03333282470703 0.02716994285583496 -0.05583289638161659 -0.10953172296285629 -0.22370599210262299 0.1966237872838974 0.2670023739337921 0.9165176153182983
17.066667556762695 0.03428681567311287 -0.035965293645858765 -0.11915116012096405 -0.21900667250156403 0.196567103266716 0.2801028788089752 0.9137504696846008
17.100000381469727 0.04865747690200806 -0.030007008463144302 -0.12413331121206284 -0.21818843483924866 0.19650839269161224 0.2947287857532501 0.909347653388977
17.133333206176758 0.057986319065093994 -0.023158345371484756 -0.1332237720489502 -0.21662431955337524 0.19772116839885712 0.3075980544090271 0.9051870703697205
17.16666603088379 0.06419330835342407 -0.010829996317625046 -0.13832266628742218 -0.21414755284786224 0.20167866349220276 0.31624144315719604 0.9019190669059753
17.200000762939453 0.07857472449541092 -0.006564322859048843 -0.14400199055671692 -0.21938511729240417 0.20472656190395355 0.32599514722824097 0.8964844942092896
17.233333587646484 0.08297207206487656 0.004385743755847216 -0.14409051835536957 -0.2243020385503769 0.21217665076255798 0.33322668075561523 0.8908588886260986
17.266666412353516 0.0867057517170906 0.018978556618094444 -0.15098930895328522 -0.2233891785144806 0.21387161314487457 0.34127411246299744 0.8876307010650635
17.299999237060547 0.09608900547027588 0.02370118722319603 -0.1533203125 -0.2264045923948288 0.21191194653511047 0.35243794322013855 0.8829620480537415
17.33333396911621 0.10620101541280746 0.029665354639291763 -0.16097013652324677 -0.2269555777311325 0.20737920701503754 0.3662555515766144 0.8782606720924377
17.366666793823242 0.10915664583444595 0.06670202314853668 -0.1669520139694214 -0.20698487758636475 0.2026410847902298 0.3706887662410736 0.8824306130409241
17.399999618530273 0.11416338384151459 0.0742814838886261 -0.17133842408657074 -0.22487413883209229 0.1998707354068756 0.3900127112865448 0.8702719807624817
17.433332443237305 0.11931733787059784 0.08137785643339157 -0.17722025513648987 -0.2107403576374054 0.20646364986896515 0.390695184469223 0.8719624280929565
17.46666717529297 0.12430744618177414 0.0858764722943306 -0.18481121957302094 -0.1976168006658554 0.2133033126592636 0.39222365617752075 0.8727025985717773
17.5 0.12827420234680176 0.08901525288820267 -0.19087661802768707 -0.18332533538341522 0.2144058346748352 0.39458921551704407 0.8744835257530212
17.53333282470703 0.13056178390979767 0.09198729693889618 -0.19492818415164948 -0.1715662032365799 0.21197926998138428 0.3985964059829712 0.8756430745124817
17.566667556762695 0.13212022185325623 0.09778983145952225 -0.19869761168956757 -0.15900008380413055 0.2103419452905655 0.4024864733219147 0.8766299486160278
17.600000381469727 0.13517239689826965 0.10028829425573349 -0.20393569767475128 -0.15005895495414734 0.20852892100811005 0.4098588824272156 0.8752220869064331
17.633333206176758 0.13895183801651 0.10344819724559784 -0.2093343436717987 -0.14163994789123535 0.20570170879364014 0.4190390110015869 0.8729439973831177
17.66666603088379 0.14252044260501862 0.11013057082891464 -0.21342411637306213 -0.1324692964553833 0.2012767791748047 0.4282212257385254 0.87095707654953
17.700000762939453 0.14631621539592743 0.1127379983663559 -0.2175481915473938 -0.1265183985233307 0.19648170471191406 0.4395385980606079 0.8672912120819092
17.733333587646484 0.1487872153520584 0.12142210453748703 -0.21985620260238647 -0.11847321689128876 0.18949247896671295 0.44840899109840393 0.8654398918151855
17.766666412353516 0.15482304990291595 0.12558287382125854 -0.2241399884223938 -0.11381709575653076 0.18063078820705414 0.4602990448474884 0.8617094159126282
17.799999237060547 0.1564645767211914 0.13299642503261566 -0.2253061980009079 -0.10614721477031708 0.1740906536579132 0.46784916520118713 0.859966516494751
17.83333396911621 0.16071222722530365 0.13674522936344147 -0.22710546851158142 -0.1018795371055603 0.16738975048065186 0.4764299988746643 0.8570972681045532
17.866666793823242 0.16403760015964508 0.1397174745798111 -0.2293609082698822 -0.09867537021636963 0.16476061940193176 0.4831458032131195 0.8542173504829407
17.899999618530273 0.16784438490867615 0.14239400625228882 -0.23295684158802032 -0.09660417586565018 0.16418397426605225 0.48938924074172974 0.851004958152771
17.933332443237305 0.16847284138202667 0.1463174968957901 -0.23404015600681305 -0.09446270763874054 0.16564007103443146 0.49261733889579773 0.8490986227989197
17.96666717529297 0.16990917921066284 0.14894799888134003 -0.23608806729316711 -0.09214971959590912 0.16672927141189575 0.4957295060157776 0.8473263382911682
18.0 0.17013847827911377 0.1476837545633316 -0.23535983264446259 -0.09013411402702332 0.16978779435157776 0.4987238645553589 0.8451759815216064
18.03333282470703 0.16916723549365997 0.14137880504131317 -0.2434336245059967 -0.08898364752531052 0.17287370562553406 0.503022313117981 0.8421194553375244
18.066667556762695 0.16986770927906036 0.1428670734167099 -0.24550849199295044 -0.08609453588724136 0.17290851473808289 0.5058524012565613 0.8407161831855774
18.100000381469727 0.17068909108638763 0.14373888075351715 -0.24677161872386932 -0.08533906936645508 0.17328518629074097 0.5085309147834778 0.8390982747077942
18.133333206176758 0.17172084748744965 0.14490912854671478 -0.2470272034406662 -0.08572682738304138 0.17261777818202972 0.5101454854011536 0.838215708732605
18.16666603088379 0.17367850244045258 0.1455182135105133 -0.24472656846046448 -0.08787224441766739 0.16688500344753265 0.5130845308303833 0.8373603224754333
18.200000762939453 0.1743711680173874 0.14740967750549316 -0.2414790391921997 -0.08527710288763046 0.15459497272968292 0.517414927482605 0.8373231887817383
18.233333587646484 0.1721230447292328 0.14912216365337372 -0.23752541840076447 -0.07250868529081345 0.1412721574306488 0.5218917727470398 0.8381012082099915
18.266666412353516 0.17101716995239258 0.1498725265264511 -0.2362990826368332 -0.05881316214799881 0.1328141689300537 0.5291836857795715 0.8359821438789368
18.299999237060547 0.1707928478717804 0.15232230722904205 -0.23698262870311737 -0.04911143705248833 0.12494799494743347 0.5381681323051453 0.8320764303207397
18.33333396911621 0.169043630361557 0.1599065661430359 -0.23865796625614166 -0.04377571493387222 0.1231394112110138 0.5484482645988464 0.8259084820747375
18.366666793823242 0.169068843126297 0.16397473216056824 -0.24066162109375 -0.04688798636198044 0.1279842108488083 0.5563790202140808 0.8196730613708496
18.399999618530273 0.1693439930677414 0.16648106276988983 -0.2433432787656784 -0.048907939344644547 0.13516482710838318 0.5618684887886047 0.8146424889564514
18.433332443237305 0.1698671281337738 0.17079195380210876 -0.24803274869918823 -0.04416533187031746 0.13808101415634155 0.5681478977203369 0.8100562691688538
18.46666717529297 0.17029978334903717 0.17284968495368958 -0.25089892745018005 -0.03760911151766777 0.13830575346946716 0.5753597021102905 0.8052442669868469
18.5 0.17094509303569794 0.17734254896640778 -0.2532380223274231 -0.02974795736372471 0.13578815758228302 0.5804190635681152 0.8023655414581299
18.53333282470703 0.17209389805793762 0.1814780831336975 -0.2553653419017792 -0.025824371725320816 0.13435553014278412 0.5847889184951782 0.7995647192001343
18.566667556762695 0.1732821762561798 0.1867733746767044 -0.25732553005218506 -0.024086810648441315 0.13372349739074707 0.5878507494926453 0.7974768877029419
18.600000381469727 0.1751517802476883 0.19021956622600555 -0.2594524621963501 -0.02268390543758869 0.133301243185997 0.5908806920051575 0.7953466773033142
18.633333206176758 0.1770186424255371 0.19108997285366058 -0.260337769985199 -0.022252580150961876 0.13387738168239594 0.5937650799751282 0.7931107878684998
18.66666603088379 0.1790902316570282 0.19169938564300537 -0.26001545786857605 -0.02325201965868473 0.13705170154571533 0.5966073274612427 0.7904024124145508
18.700000762939453 0.1795174777507782 0.19342850148677826 -0.26002123951911926 -0.023535307496786118 0.14007124304771423 0.5981036424636841 0.78873211145401
18.733333587646484 0.18364959955215454 0.1958620697259903 -0.26137810945510864 -0.02420901134610176 0.13808824121952057 0.5999246835708618 0.7876776456832886
18.766666412353516 0.18459336459636688 0.1978110671043396 -0.26070648431777954 -0.0234148558229208 0.13860948383808136 0.6004090309143066 0.7872408032417297
18.799999237060547 0.18585732579231262 0.19968517124652863 -0.26020246744155884 -0.02228369377553463 0.13858364522457123 0.5997999310493469 0.7877423167228699
18.83333396911621 0.18826423585414886 0.20301730930805206 -0.26136332750320435 -0.021942652761936188 0.13740356266498566 0.5993174314498901 0.7883257269859314
18.866666793823242 0.1907326877117157 0.20271384716033936 -0.2593601644039154 -0.027696900069713593 0.1406906545162201 0.6021657586097717 0.7853886485099792
18.899999618530273 0.19270241260528564 0.2052346169948578 -0.25837668776512146 -0.03151998668909073 0.14157423377037048 0.6026500463485718 0.7847141623497009
18.933332443237305 0.19439634680747986 0.20599180459976196 -0.25770750641822815 -0.032335687428712845 0.14258137345314026 0.6005755066871643 0.7860878705978394
18.96666717529297 0.19461488723754883 0.20916150510311127 -0.25830793380737305 -0.028258472681045532 0.14316223561763763 0.595778226852417 0.7897812724113464
19.0 0.19599796831607819 0.20696236193180084 -0.2583063542842865 -0.028684992343187332 0.14751121401786804 0.5934019088745117 0.7907540202140808
19.03333282470703 0.196897953748703 0.20590245723724365 -0.25812801718711853 -0.030936308205127716 0.15374650061130524 0.5915261507034302 0.790886640548706
19.066667556762695 0.19985486567020416 0.2059030830860138 -0.2603319585323334 -0.03458305075764656 0.15624503791332245 0.5889486074447632 0.7921686172485352
19.100000381469727 0.2038787305355072 0.20437680184841156 -0.26325055956840515 -0.03861817345023155 0.15737761557102203 0.5856103301048279 0.7942301630973816
19.133333206176758 0.203657865524292 0.2029803991317749 -0.26240336894989014 -0.04049249738454819 0.16259066760540009 0.5794817209243774 0.7975748777389526
19.16666603088379 0.20341545343399048 0.2014414221048355 -0.2622118294239044 -0.04267877712845802 0.16720324754714966 0.5749056339263916 0.7998156547546387
19.200000762939453 0.20876061916351318 0.19138579070568085 -0.2622663974761963 -0.04967566579580307 0.1716681718826294 0.5758064389228821 0.7978154420852661
19.233333587646484 0.2103506177663803 0.18795642256736755 -0.2629959285259247 -0.048432935029268265 0.17325466871261597 0.5705825686454773 0.8012944459915161
19.266666412353516 0.21083781123161316 0.18479591608047485 -0.26380273699760437 -0.045489102602005005 0.17597496509552002 0.5631209015846252 0.8061379194259644
19.299999237060547 0.21391414105892181 0.1765109747648239 -0.264310359954834 -0.04860832914710045 0.18086829781532288 0.5572523474693298 0.8089460134506226
19.33333396911621 0.21335861086845398 0.17142152786254883 -0.2658705413341522 -0.0514802560210228 0.1873633861541748 0.551219642162323 0.8114196062088013
19.366666793823242 0.2158338725566864 0.16699030995368958 -0.26883238554000854 -0.056000955402851105 0.19149249792099 0.5493006706237793 0.8114575743675232
19.399999618530273 0.21719717979431152 0.1648840606212616 -0.2726544439792633 -0.05913499742746353 0.19805775582790375 0.5483410358428955 0.8103075623512268
19.433332443237305 0.21836793422698975 0.16263841092586517 -0.27636802196502686 -0.0629722848534584 0.20820008218288422 0.5457522869110107 0.8092228770256042
19.46666717529297 0.21897462010383606 0.16324011981487274 -0.2808155119419098 -0.06497853994369507 0.21925438940525055 0.5434512495994568 0.8076918125152588
19.5 0.22151301801204681 0.1606808602809906 -0.2847345471382141 -0.07194753736257553 0.2309688925743103 0.5436269044876099 0.8037081360816956
19.53333282470703 0.2249630242586136 0.1645052284002304 -0.28827327489852905 -0.07916499674320221 0.2441689372062683 0.5420189499855042 0.800206184387207
19.566667556762695 0.130773663520813 0.10919796675443649 -0.23093588650226593 -0.07610214501619339 0.33265626430511475 0.5370527505874634 0.7714418768882751
19.600000381469727 0.22529280185699463 0.1624450832605362 -0.29263126850128174 -0.09456276148557663 0.27294450998306274 0.5315818786621094 0.7962284684181213
