0.0 0.0 0.0 0.0 0.0 0.0 0.0 1.0
29.266666412353516 -0.2750222384929657 -0.013866049237549305 0.03932986781001091 -0.0005040394607931376 0.00991352554410696 0.0030944172758609056 0.9999462366104126
32.33333206176758 -0.41274508833885193 -0.11245106905698776 0.13481608033180237 -0.1592237949371338 -0.05640513822436333 -0.04436342790722847 0.9846312999725342
34.29999923706055 -0.4123755395412445 -0.051954153925180435 0.18689706921577454 -0.24693606793880463 -0.06914430856704712 -0.05015162378549576 0.9652597308158875
34.33333206176758 -0.40955930948257446 -0.05375492572784424 0.18172551691532135 -0.24493858218193054 -0.06606119871139526 -0.05009874328970909 0.9659872055053711
34.70000076293945 -0.3680430054664612 -0.055837489664554596 0.11993883550167084 -0.22893673181533813 -0.045990802347660065 -0.047455597668886185 0.9711953997612
36.766666412353516 -0.17266212403774261 -0.14867734909057617 0.20977619290351868 -0.23496133089065552 0.036281030625104904 -0.00474998215213418 0.9713150262832642
38.266666412353516 -0.07648806273937225 -0.08924116939306259 0.3573801815509796 -0.29960113763809204 0.07313886284828186 0.007267452776432037 0.9512293934822083
38.29999923706055 -0.07559981197118759 -0.08792877197265625 0.3590911328792572 -0.30035728216171265 0.07272187620401382 0.007831547409296036 0.9510188698768616
38.33333206176758 -0.0741487592458725 -0.08646287769079208 0.3610551953315735 -0.3011173903942108 0.07315433770418167 0.008668771013617516 0.9507365822792053
38.36666488647461 -0.0730757862329483 -0.08528709411621094 0.362920343875885 -0.3021322190761566 0.07404015958309174 0.009742665104568005 0.950336754322052
38.400001525878906 -0.07235414534807205 -0.08425067365169525 0.3649320900440216 -0.30468273162841797 0.07343016564846039 0.010008011944591999 0.9495660662651062
38.43333435058594 -0.0714481994509697 -0.08423461019992828 0.3656434118747711 -0.3048717975616455 0.07116029411554337 0.01092604361474514 0.9496684074401855
38.46666717529297 -0.0714249461889267 -0.08428405225276947 0.3653673827648163 -0.3021622896194458 0.0740787610411644 0.011030812747776508 0.9503096342086792
38.5 -0.07124841958284378 -0.08494018763303757 0.3660086989402771 -0.30241310596466064 0.07549823075532913 0.010748927481472492 0.9501217603683472
38.53333282470703 -0.07089672237634659 -0.08486320823431015 0.36654871702194214 -0.30331578850746155 0.07447753846645355 0.011166315525770187 0.9499092698097229
38.56666564941406 -0.07092749327421188 -0.08428464084863663 0.36695680022239685 -0.3037123680114746 0.07440511882305145 0.011938367038965225 0.9497787952423096
38.599998474121094 -0.07052832841873169 -0.08445049077272415 0.3676673471927643 -0.30560004711151123 0.07410208880901337 0.012860815972089767 0.9491850137710571
38.63333511352539 -0.07039781659841537 -0.08439888805150986 0.36767876148223877 -0.3056643009185791 0.07423881441354752 0.013483129441738129 0.9491454362869263
38.66666793823242 -0.07056079059839249 -0.08433876931667328 0.36746466159820557 -0.30555078387260437 0.07441440224647522 0.013508384115993977 0.9491676688194275
38.70000076293945 -0.07178634405136108 -0.08387286961078644 0.3666897416114807 -0.3050251603126526 0.07473138719797134 0.013326519168913364 0.9493141770362854
38.733333587646484 -0.07180716842412949 -0.0845683142542839 0.36596909165382385 -0.3051098585128784 0.07330004870891571 0.012590906582772732 0.949408769607544
38.766666412353516 -0.07199472188949585 -0.08543752878904343 0.3654383420944214 -0.30557161569595337 0.0728003978729248 0.012380439788103104 0.9493014812469482
38.79999923706055 -0.07269656658172607 -0.08617651462554932 0.3647463619709015 -0.30550262331962585 0.07365064322948456 0.01213003695011139 0.9492607712745667
38.83333206176758 -0.07403887808322906 -0.08725009858608246 0.36334845423698425 -0.30476847290992737 0.0746314600110054 0.011018221266567707 0.9494343996047974
38.86666488647461 -0.07572035491466522 -0.08821144700050354 0.36141204833984375 -0.30386972427368164 0.07706376910209656 0.008949886076152325 0.9495493769645691
38.900001525878906 -0.0773358941078186 -0.08861970156431198 0.3592139184474945 -0.30241116881370544 0.07939175516366959 0.007701818365603685 0.9498342871665955
38.93333435058594 -0.07861348986625671 -0.08953651785850525 0.356889933347702 -0.3014005720615387 0.07962236553430557 0.006622656248509884 0.9501445293426514
38.96666717529297 -0.08075509965419769 -0.09023196995258331 0.35440516471862793 -0.3011108934879303 0.08073318749666214 0.0038423086516559124 0.9501575231552124
39.0 -0.08274780958890915 -0.0911126658320427 0.3513825833797455 -0.3002239465713501 0.08190663903951645 0.0010633578058332205 0.950344979763031
40.0 -0.12333312630653381 -0.12775470316410065 0.14037005603313446 -0.2205319106578827 0.08429009467363358 0.002054724609479308 0.9717287421226501
46.0 -0.09244049340486526 -0.06357074528932571 -0.060181718319654465 0.021722327917814255 0.1696193367242813 0.08238145709037781 0.9818203449249268
46.46666717529297 0.08006848394870758 -0.16440969705581665 -0.11634582281112671 0.03155912831425667 0.25590458512306213 0.16867010295391083 0.9513500928878784
46.900001525878906 0.3184569776058197 -0.23926186561584473 -0.12683095037937164 0.028706781566143036 0.3207433819770813 0.2551765739917755 0.9116928577423096
47.5 0.5798720121383667 -0.22158078849315643 -0.053706731647253036 -0.030668487772345543 0.38117560744285583 0.3157922923564911 0.8683549165725708
48.5 0.7784634232521057 -0.12963047623634338 0.07390325516462326 -0.14015616476535797 0.41593503952026367 0.3722373843193054 0.8177977800369263
49.43333435058594 0.8212078809738159 -0.023198623210191727 0.11071386188268661 -0.23594233393669128 0.3726980686187744 0.4422689974308014 0.7809132933616638
51.53333282470703 0.6843471527099609 -0.0872139111161232 -0.010980122722685337 -0.12650981545448303 0.4411589503288269 0.3609777092933655 0.8118309378623962
52.63333511352539 0.7045734524726868 -0.17395980656147003 -0.19226045906543732 -0.07578738778829575 0.538007378578186 0.336124986410141 0.7693011164665222
53.63333511352539 0.9876334071159363 -0.11709236353635788 -0.22450809180736542 -0.1295241117477417 0.5536607503890991 0.4147273302078247 0.7104119062423706
54.16666793823242 1.100021481513977 -0.01294222567230463 -0.1834733635187149 -0.19332073628902435 0.525709331035614 0.4702260196208954 0.6820151209831238
54.96666717529297 1.1364920139312744 0.06481387466192245 -0.12828607857227325 -0.23362372815608978 0.5033486485481262 0.49256467819213867 0.6704025864601135
56.599998474121094 0.975882351398468 -0.05087198689579964 -0.1451997011899948 -0.17839761078357697 0.5055551528930664 0.46005117893218994 0.7077723741531372
57.266666412353516 0.738267183303833 -0.14870819449424744 -0.14840970933437347 -0.14230774343013763 0.5007004141807556 0.3813816010951996 0.7639339566230774
58.0 0.4143153429031372 -0.1785995066165924 -0.16527552902698517 -0.04084712266921997 0.4526275098323822 0.26610440015792847 0.8500871062278748
58.53333282470703 0.14823991060256958 -0.15901730954647064 -0.13133960962295532 0.004268167074769735 0.35801541805267334 0.17865021526813507 0.9164554476737976
59.233333587646484 -0.03458821028470993 -0.08604031056165695 -0.09098120033740997 0.02671312540769577 0.2474406659603119 0.12522149085998535 0.9604055881500244
