0.0 0.0 0.0 0.0 0.0 0.0 0.0 1.0
8.800000190734863 -0.006487340200692415 -0.0006878859712742269 -0.0007208891329355538 -8.166142652044073e-05 -0.04953225329518318 -0.01621837355196476 0.9986411333084106
8.966666221618652 -0.012536483816802502 -2.2685590010951273e-05 -0.002057459205389023 -0.000614336458966136 -0.09805306792259216 -0.03347773104906082 0.9946176409721375
9.066666603088379 -0.018148373812437057 0.0008625791524536908 -0.004984291736036539 -0.0014279258903115988 -0.1515427529811859 -0.05259328335523605 0.9870492219924927
9.199999809265137 -0.02019689790904522 0.0010367300128564239 -0.007702966220676899 -0.0028810123912990093 -0.20118309557437897 -0.07019581645727158 0.9770309329032898
9.333333015441895 -0.021407410502433777 0.0024304711259901524 -0.010147308930754662 -0.0032786307856440544 -0.24509799480438232 -0.08599787950515747 0.9656709432601929
9.466666221618652 -0.021951859816908836 0.004079810809344053 -0.01419096626341343 -0.00347778364084661 -0.2868122458457947 -0.10131619870662689 0.9526079297065735
10.666666984558105 0.037232477217912674 -0.1046796590089798 -0.040825050324201584 -0.013061734847724438 -0.31576958298683167 -0.07359699159860611 0.94588702917099
11.033333778381348 -0.0512051098048687 -0.2266257405281067 -0.0918244868516922 -0.006092811934649944 -0.3241344392299652 -0.11766207963228226 0.9386455416679382
11.533333778381348 -0.23212294280529022 -0.2793079912662506 -0.007448275573551655 -0.031330130994319916 -0.33143892884254456 -0.12818562984466553 0.9342029690742493
12.0 -0.3681635558605194 -0.2547515332698822 0.10234742611646652 -0.06787505745887756 -0.3354266583919525 -0.15899558365345 0.9260680675506592
13.466666221618652 -0.4132748544216156 -0.19746136665344238 0.11929477006196976 -0.07110624760389328 -0.32659444212913513 -0.2006489634513855 0.9208800792694092
13.766666412353516 -0.2861751317977905 -0.23552656173706055 0.05182448774576187 -0.061442822217941284 -0.31462228298187256 -0.1838759034872055 0.9292083978652954
14.133333206176758 -0.14197519421577454 -0.2820502817630768 0.0075589376501739025 -0.05868740752339363 -0.30177992582321167 -0.18360450863838196 0.9336881041526794
14.266666412353516 -0.06389164924621582 -0.3346922993659973 0.039958201348781586 -0.06107821315526962 -0.284193754196167 -0.14479076862335205 0.94580078125
14.466666221618652 0.028424562886357307 -0.41029971837997437 0.08734317123889923 -0.04663718119263649 -0.2588929533958435 -0.11568379402160645 0.9578182697296143
14.833333015441895 0.11298885941505432 -0.4505399763584137 0.2053719162940979 -0.05264520272612572 -0.23857301473617554 -0.09519190341234207 0.9650135636329651
15.233333587646484 0.03265921771526337 -0.4261488914489746 0.32313546538352966 -0.07525475323200226 -0.260172039270401 -0.09866045415401459 0.9575565457344055
15.666666984558105 -0.07279308140277863 -0.36727601289749146 0.3934612572193146 -0.09309149533510208 -0.24737481772899628 -0.12073618918657303 0.9568500518798828
16.53333282470703 -0.007301769685000181 -0.30655989050865173 0.3381955623626709 -0.06673809140920639 -0.22048600018024445 -0.09658123552799225 0.9683000445365906
16.66666603088379 0.0700099989771843 -0.31260764598846436 0.2699332535266876 -0.05048380419611931 -0.1923353374004364 -0.07039104402065277 0.9774983525276184
16.83333396911621 0.16426484286785126 -0.31801557540893555 0.17128823697566986 -0.03593791276216507 -0.16845770180225372 -0.041946981102228165 0.9841595888137817
17.066667556762695 0.2577660083770752 -0.32349321246147156 0.047737788408994675 -0.01258636824786663 -0.13225188851356506 -0.02912968583405018 0.990707278251648
17.46666717529297 0.333952397108078 -0.30385664105415344 0.01283883024007082 -0.010083134286105633 -0.08435555547475815 -0.024841656908392906 0.9960748553276062
17.600000381469727 0.3867567777633667 -0.3230260908603668 0.04434412717819214 -0.02225443534553051 -0.031631238758563995 -0.010568715631961823 0.99919593334198
17.733333587646484 0.45587146282196045 -0.34146055579185486 0.08254216611385345 -0.022762464359402657 0.017872503027319908 0.026189332827925682 0.9992376565933228
17.866666793823242 0.5285738110542297 -0.35724806785583496 0.1329943835735321 -0.0269037913531065 0.06574362516403198 0.0558994896709919 0.9959064722061157
18.0 0.5966596007347107 -0.3701648414134979 0.18238237500190735 -0.031471628695726395 0.11268077045679092 0.07819836586713791 0.9900496602058411
18.200000762939453 0.6786580085754395 -0.3788958191871643 0.23605501651763916 -0.037003759294748306 0.1460706740617752 0.1070263683795929 0.9827713966369629
18.433332443237305 0.752038836479187 -0.3854438364505768 0.2875598669052124 -0.05329243466258049 0.17430031299591064 0.13585440814495087 0.9738191366195679
18.66666603088379 0.8204838633537292 -0.4003972113132477 0.33256396651268005 -0.0677226111292839 0.20549578964710236 0.16287624835968018 0.9626310467720032
18.899999618530273 0.8800932765007019 -0.41687384247779846 0.376126229763031 -0.08106798678636551 0.2407168596982956 0.18122434616088867 0.9500752687454224
19.233333587646484 0.92906254529953 -0.429898202419281 0.485268235206604 -0.12693506479263306 0.23846478760242462 0.1988295614719391 0.9420668482780457
19.5 0.9473391771316528 -0.4126557409763336 0.5764968991279602 -0.1683463305234909 0.2166977971792221 0.2059391587972641 0.9393047094345093
19.733333587646484 0.9720547199249268 -0.3922842741012573 0.6488881707191467 -0.2007570117712021 0.1905003935098648 0.2218758761882782 0.9349754452705383
20.066667556762695 1.0144802331924438 -0.349422812461853 0.7201399207115173 -0.23556941747665405 0.19210760295391083 0.2420567125082016 0.9214185476303101
20.566667556762695 0.9984003901481628 -0.30610522627830505 0.7755646109580994 -0.2572515606880188 0.16775014996528625 0.23233091831207275 0.9228777289390564
21.233333587646484 0.9853323698043823 -0.309693306684494 0.7278735637664795 -0.2434265911579132 0.17459803819656372 0.22038030624389648 0.9282730221748352
21.33333396911621 0.9890044331550598 -0.3193797767162323 0.6834657788276672 -0.22399847209453583 0.21884074807167053 0.1981825977563858 0.9287942051887512
21.46666717529297 0.9934232234954834 -0.3340846598148346 0.6221731305122375 -0.18483564257621765 0.24087245762348175 0.18399803340435028 0.9348596334457397
21.66666603088379 1.0044161081314087 -0.3495556712150574 0.5487541556358337 -0.15365928411483765 0.27114272117614746 0.1847962588071823 0.9320527911186218
21.96666717529297 1.0339901447296143 -0.3779640197753906 0.47267839312553406 -0.1279064416885376 0.3059477210044861 0.20270104706287384 0.9213838577270508
22.16666603088379 1.0707595348358154 -0.3944489359855652 0.4487236440181732 -0.12314563989639282 0.3420216739177704 0.23448511958122253 0.9015955328941345
22.399999618530273 1.1095627546310425 -0.40369588136672974 0.46665963530540466 -0.1396971046924591 0.3727923333644867 0.25242945551872253 0.8819250464439392
22.96666717529297 1.2504165172576904 -0.41118115186691284 0.5577614307403564 -0.1640421450138092 0.3985532820224762 0.2766454815864563 0.8589036464691162
23.266666412353516 1.3418852090835571 -0.4007747769355774 0.6029709577560425 -0.18432670831680298 0.4150775969028473 0.30712202191352844 0.8363083004951477
23.566667556762695 1.4166017770767212 -0.3791799545288086 0.6435351371765137 -0.20702829957008362 0.40742987394332886 0.3414752185344696 0.8212998509407043
24.100000381469727 1.448745608329773 -0.33252182602882385 0.7186829447746277 -0.24941781163215637 0.38651779294013977 0.33847081661224365 0.8208735585212708
25.0 1.3866498470306396 -0.3465135991573334 0.67081218957901 -0.21901100873947144 0.39347097277641296 0.3151077926158905 0.8354178667068481
25.200000762939453 1.3336317539215088 -0.36937573552131653 0.6167721748352051 -0.18539224565029144 0.37989893555641174 0.3091529905796051 0.8518987894058228
25.433332443237305 1.2567145824432373 -0.38150861859321594 0.5578250288963318 -0.15599051117897034 0.3634861707687378 0.28921186923980713 0.8717243075370789
25.633333206176758 1.1606262922286987 -0.37044188380241394 0.5290105938911438 -0.14338427782058716 0.3382229804992676 0.2571896016597748 0.8938120007514954
25.83333396911621 1.0558885335922241 -0.37242424488067627 0.49536290764808655 -0.12757395207881927 0.3029059171676636 0.22848927974700928 0.9163876175880432
26.0 0.9706254005432129 -0.3865591585636139 0.4586065709590912 -0.11267232894897461 0.2753841280937195 0.19990812242031097 0.9335448741912842
26.16666603088379 0.8890889286994934 -0.39798587560653687 0.41152122616767883 -0.08866117894649506 0.24485668540000916 0.17294438183307648 0.949881374835968
26.33333396911621 0.806853175163269 -0.3952043354511261 0.37018492817878723 -0.07153262197971344 0.20695717632770538 0.14823712408542633 0.9644057750701904
26.5 0.7229224443435669 -0.38160640001296997 0.33554327487945557 -0.06321148574352264 0.1698334813117981 0.12030220776796341 0.976057231426239
26.66666603088379 0.6555420756340027 -0.3625811040401459 0.29865193367004395 -0.058704301714897156 0.13027900457382202 0.10450456291437149 0.9842066168785095
26.866666793823242 0.583855152130127 -0.3355961740016937 0.25491976737976074 -0.05468662455677986 0.09070255607366562 0.08202223479747772 0.9909869432449341
27.066667556762695 0.5257227420806885 -0.3093694746494293 0.19845430552959442 -0.045266494154930115 0.05121081322431564 0.06229717284440994 0.9957156777381897
27.266666412353516 0.48221445083618164 -0.27614250779151917 0.13412213325500488 -0.03309059888124466 0.012808711268007755 0.041946783661842346 0.9984897375106812
27.433332443237305 0.44410794973373413 -0.24014875292778015 0.0860980972647667 -0.0230131633579731 -0.02492379955947399 0.008212360553443432 0.9993895888328552
27.566667556762695 0.4111376702785492 -0.21368806064128876 0.04239685460925102 -0.005440290551632643 -0.057070355862379074 -0.021355317905545235 0.9981268644332886
27.96666717529297 0.35563310980796814 -0.1356111466884613 -0.05116936191916466 -0.006986577063798904 -0.09331442415714264 -0.04898512735962868 0.9944072961807251
29.100000381469727 0.33397889137268066 -0.18888777494430542 0.12269924581050873 -0.025985650718212128 -0.0898531824350357 -0.032103389501571655 0.9950984120368958
29.566667556762695 0.3090023994445801 -0.22666947543621063 0.2793166935443878 -0.044471513479948044 -0.09802868217229843 -0.027539631351828575 0.9938080906867981
29.66666603088379 0.29917973279953003 -0.2295936644077301 0.30014124512672424 -0.04693765938282013 -0.10421940684318542 -0.03101850301027298 0.9929620027542114
29.766666412353516 0.2887383699417114 -0.23439478874206543 0.3204595148563385 -0.04976548254489899 -0.10692642629146576 -0.03856001794338226 0.9922719597816467
29.799999237060547 0.28668054938316345 -0.23109112679958344 0.325194388628006 -0.04659786820411682 -0.10412786900997162 -0.04007858410477638 0.9926633834838867
29.83333396911621 0.28543946146965027 -0.2276303917169571 0.3304727375507355 -0.043920356780290604 -0.10369550436735153 -0.04094759747385979 0.9927955269813538
29.866666793823242 0.2854785919189453 -0.2262198030948639 0.3357999920845032 -0.04291679710149765 -0.10579212009906769 -0.041721634566783905 0.9925854802131653
30.200000762939453 0.2780779004096985 -0.24106955528259277 0.37494245171546936 -0.04455334320664406 -0.09900820255279541 -0.04783748462796211 0.9929371476173401
30.600000381469727 0.2616461515426636 -0.2490772008895874 0.346867173910141 -0.041493386030197144 -0.14894695580005646 -0.04656509682536125 0.986876368522644
30.733333587646484 0.2335163801908493 -0.2513481676578522 0.32151708006858826 -0.03486226871609688 -0.18871667981147766 -0.05602838844060898 0.9798120260238647
30.83333396911621 0.21920476853847504 -0.25285521149635315 0.29934951663017273 -0.0295376256108284 -0.2425370216369629 -0.05745162069797516 0.9679886698722839
30.933332443237305 0.2135864794254303 -0.2533663511276245 0.2796971797943115 -0.020739644765853882 -0.28850629925727844 -0.05948854610323906 0.9554029107093811
31.133333206176758 0.21343877911567688 -0.2562868893146515 0.2590567469596863 -0.008832033723592758 -0.33478236198425293 -0.07140421867370605 0.9395447373390198
31.266666412353516 0.216573566198349 -0.25292232632637024 0.2505035400390625 -0.008969830349087715 -0.373092919588089 -0.08537283539772034 0.9238137006759644
31.46666717529297 0.22719672322273254 -0.2427566647529602 0.24025948345661163 -0.003719640662893653 -0.4200655519962311 -0.10400386154651642 0.9015069007873535
31.700000762939453 0.2431226670742035 -0.23746903240680695 0.22394344210624695 0.017422299832105637 -0.44975483417510986 -0.12412497401237488 0.8843137621879578
32.20000076293945 0.1424117386341095 -0.1999817192554474 0.12605857849121094 0.006749727763235569 -0.4726926386356354 -0.13800780475139618 0.8703277111053467
32.56666564941406 0.0038728166837245226 -0.1434677243232727 0.0198532585054636 -0.006473719608038664 -0.4933338761329651 -0.14295946061611176 0.8579871654510498
32.93333435058594 -0.056584279984235764 -0.10330933332443237 -0.05136609449982643 -0.010289560072124004 -0.47382497787475586 -0.10580434650182724 0.8741790652275085
33.20000076293945 -0.08391440659761429 -0.05992700904607773 -0.08322446793317795 -0.01038521621376276 -0.4378182291984558 -0.08954080939292908 0.8945331573486328
34.06666564941406 -0.13035063445568085 0.032278042286634445 -0.1208086758852005 -0.001873947330750525 -0.4052813947200775 -0.11415524780750275 0.9070350527763367
35.33333206176758 -0.1474798619747162 0.04316449165344238 -0.11843966692686081 -0.0015614797594025731 -0.3619824945926666 -0.1321989893913269 0.9227620959281921
35.5 -0.12270797789096832 0.034373972564935684 -0.09384666383266449 -0.0016518874326720834 -0.3234044313430786 -0.1172620877623558 0.9389652013778687
35.63333511352539 -0.11445754021406174 0.030964719131588936 -0.0847141370177269 -0.001712398137897253 -0.3032747805118561 -0.11026827245950699 0.9465002417564392
36.400001525878906 0.0241792444139719 0.009561804123222828 -0.034579358994960785 -0.002509607467800379 -0.26432090997695923 -0.09526361525058746 0.9597148895263672
37.33333206176758 0.21546727418899536 -0.02376975491642952 0.056917786598205566 -0.0015567311784252524 -0.23449936509132385 -0.08496911823749542 0.9683945775032043
38.53333282470703 0.4576491415500641 -0.0560356043279171 0.1538994461297989 -0.00048607614007778466 -0.22506138682365417 -0.08081269264221191 0.9709877371788025
40.16666793823242 0.4546104073524475 -0.1038360744714737 0.2908528745174408 -0.001809993525967002 -0.20492742955684662 -0.07423150539398193 0.9759569764137268
41.5 0.3971545696258545 -0.13676553964614868 0.3842430114746094 -0.00021366600412875414 -0.24972863495349884 -0.09078985452651978 0.9640501141548157
41.66666793823242 0.39419710636138916 -0.13489124178886414 0.3787347376346588 -0.0006601645145565271 -0.2958354949951172 -0.10736166685819626 0.9491860866546631
41.79999923706055 0.3926159739494324 -0.13347852230072021 0.37359291315078735 -0.0013261933345347643 -0.34020790457725525 -0.12341288477182388 0.932215690612793
42.0 0.39190033078193665 -0.13200460374355316 0.3677149713039398 -0.0016811093082651496 -0.3797917664051056 -0.13773410022258759 0.9147594571113586
